time reached
p_10k =
      0.18765
      0.17567
    0.0022937
      0.48924
   1.7442e-13
   1.3336e-47
     0.059869
     0.028305
   4.948e-102
   8.0361e-05
    0.0078689
     0.021554
    0.0096865
  2.1585e-122
    0.0032144
     0.014372
time reached
p_30k =
      0.18099
      0.19213
   0.00015612
      0.47971
   3.3986e-06
   3.3938e-21
     0.058631
      0.03007
   2.7506e-24
    0.0014318
    0.0045735
     0.023511
     0.012925
   1.0696e-29
   0.00079389
     0.015004
time reached
p_50k =
      0.17771
      0.18703
   8.4544e-42
      0.48644
   2.9401e-10
   1.1452e-37
     0.053494
     0.032789
   2.3796e-48
    0.0020181
    0.0051457
     0.023914
     0.014139
   2.1186e-57
    0.0021409
      0.01512
>>