finals


model 3 true
	ll=9222
	       14.467
	       7.4355
	       20.991
	        9.234
	       33.656
	       8.0191
	       2.4001
	       2.5734
	      0.11884
	      0.07699
	      0.35844
	      0.25314
	      0.22529
	      0.04889
	     0.024226
	     0.046834



model 3 i=800
ll=9234.5
       16.065
         3.21
       21.415
        8.823
       36.572
       7.8339
       2.5608
       2.2408
   2.2416e-15
   1.8236e-40
      0.42154
      0.24615
      0.48513
     0.013452
     0.030764
      0.08257

model 3 i=1600
 9234.5
        16.07
       3.1829
       21.421
       8.8164
       36.613
       7.8086
       2.5607
       2.2417
   6.2994e-29
    4.885e-82
       0.4217
      0.24592
       0.4844
     0.021035
     0.030788
     0.081386


model 5 i=800
ll=25167
       53.858
       7.4238
       22.367
       8.4425
       1.3386
      0.50949
      0.27567
       3.4875
      0.61738
      0.32895
      0.39762
      0.52268
      0.39074
     0.039207
   1.3952e-06

model 5 i=1600
	ll=25167
      53.859
      7.4241
      22.364
      8.4438
      1.2965
      0.5098
     0.27028
      3.5264
     0.62288
     0.33042
     0.39677
     0.52368
     0.39287
    0.039201
   6.616e-11