 -1.680418E+00  6.243132E-02  1.155551E-07      0      1      0      2      7      1
 -2.880892E-01  2.630506E-03  1.415428E-04      1      0      2     14      9      7
 -1.472435E+00  2.760409E-01  1.990888E-04      1      0      2     14      9      7
 -5.373071E-01  7.558782E-02  1.717583E-04      1      0      2     14      9      7
 -1.054430E+00  1.429497E-01  1.216756E-03      1      0      2     14      9      7
 -7.354762E-01  1.465855E-01  3.038897E-03      1      0      2     14      9      7
 -3.849843E-01  6.871178E-02  1.941619E-03      1      0      2     14      9      7
 -9.677669E-01  1.872109E-01  1.694614E-03      1      0      2     14      9      7
 -9.246005E-01  1.125857E-01  1.468497E-04      1      0      2     14      9      7
 -2.980925E-01  1.037855E-01  3.054337E-03      1      0      2     14      9      7
 -5.202464E-01  2.693929E-02  5.095362E-05      1      0      2     14      9      7
 -1.419123E+00  2.194861E-01  3.176990E-04      1      0      2     14      9      7
 -7.773920E-01 -5.303437E-02  2.262562E-04      1      0      2     14      9      7
 -9.188547E-01  1.616908E-01  1.168892E-04      1      0      2     14      9      7
 -6.366082E-01  1.213649E-01  3.752432E-05      1      0      2     14      9      7
 -4.678603E-01  7.002266E-02  1.084666E-03      1      0      2     14      9      7
 -3.131704E-01  2.764867E-02  7.013908E-04      1      0      2     14      9      7
 -9.390741E-01  9.043544E-02  1.573523E-04      1      0      2     14      9      7
 -6.258234E-01  1.220394E-01  3.887922E-03      1      0      2     14      9      7
 -8.673626E-01  5.213792E-02  2.533542E-04      1      0      2     14      9      7
 -1.705577E+00  3.951874E-01  3.514934E-05      1      0      2     14      9      7
 -3.399834E-01 -2.006869E-02  6.372022E-04      1      0      2     14      9      7
 -9.884982E-01  2.195456E-01  1.107774E-03      1      0      2     14      9      7
 -7.916272E-01  1.046630E-01  3.493249E-03      1      0      2     14      9      7
 -5.684282E-01  8.679455E-02  2.774336E-04      1      0      2     14      9      7
 -6.804226E-01  1.242888E-01  7.871086E-04      1      0      2     14      9      7
 -4.928845E-01  5.170627E-02  5.649466E-04      1      0      2     14      9      7
 -1.653099E+00  3.018455E-01  2.247296E-04      1      0      2     14      9      7
 -4.965198E-01  2.633219E-02  9.674266E-04      1      0      2     14      9      7
 -4.172135E-01  6.354096E-02  4.296821E-03      1      0      2     14      9      7
 -4.797695E-01  8.256797E-02  4.603712E-03      1      0      2     14      9      7
 -4.058069E-01  4.380441E-02  1.651209E-03      1      0      2     14      9      7
 -6.609292E-01  1.051297E-01  1.203970E-03      1      0      2     14      9      7
 -1.284228E+00  2.059899E-01  1.245329E-05      1      0      2     14      9      7
 -6.450554E-01  8.500820E-02  3.452480E-04      1      0      2     14      9      7
 -1.149811E+00  1.748086E-01  1.158310E-04      1      0      2     14      9      7
 -6.647990E-01 -1.083472E-02  1.432430E-04      1      0      2     14      9      7
 -8.073430E-01  2.493328E-02  1.687762E-04      1      0      2     14      9      7
 -4.591558E-01  7.284293E-02  1.856092E-04      1      0      2     14      9      7
 -4.882760E-01  1.092959E-01  2.769305E-03      1      0      2     14      9      7
 -7.124918E-01  5.922444E-02  1.444626E-04      1      0      2     14      9      7
 -7.956059E-01  2.103748E-02  1.556973E-04      1      0      2     14      9      7
 -9.261318E-01  1.637252E-01  1.536728E-04      1      0      2     14      9      7
 -6.942796E-01  1.415071E-01  1.674976E-03      1      0      2     14      9      7
 -7.803823E-01  1.357137E-01  3.347697E-04      1      0      2     14      9      7
 -3.292929E-01  8.178355E-02  2.801573E-03      1      0      2     14      9      7
 -8.526582E-01  1.719231E-01  3.083309E-04      1      0      2     14      9      7
 -3.332049E-01 -5.624877E-02  1.371208E-03      1      0      2     14      9      7
 -1.095080E+00  2.461901E-01  2.234631E-04      1      0      2     14      9      7
 -6.520339E-01  2.435532E-01  2.717087E-04      1      0      2     14      9      7
 -5.574281E-01 -2.806149E-02  6.338886E-04      1      0      2     14      9      7
 -5.099795E-01  1.382502E-01  1.588339E-03      1      0      2     14      9      7
 -7.590919E-01 -5.394009E-02  1.387255E-04      1      0      2     14      9      7
 -6.125856E-01  8.045757E-03  6.799136E-05      1      0      2     14      9      7
 -1.051088E+00  9.446187E-02  1.383074E-05      1      0      2     14      9      7
 -1.040666E+00  2.014214E-01  9.816869E-06      1      0      2     14      9      7
 -9.067031E-01  6.079456E-02  6.782135E-05      1      0      2     14      9      7
 -8.171430E-01  1.135141E-01  1.259849E-03      1      0      2     14      9      7
 -7.532507E-01 -5.782990E-03  2.356069E-05      1      0      2     14      9      7
 -8.315559E-01  3.262479E-02  5.029265E-04      1      0      2     14      9      7
 -1.301883E+00  3.031043E-01  1.528730E-04      1      0      2     14      9      7
 -9.342891E-01  2.151757E-01  2.172698E-03      1      0      2     14      9      7
 -1.176979E+00  2.837924E-01  1.230982E-04      1      0      2     14      9      7
 -4.812647E-01  6.017784E-02  1.290087E-03      1      0      2     14      9      7
 -5.836287E-01 -1.032413E-02  1.467664E-03      1      0      2     14      9      7
 -3.549677E-01  9.046035E-02  2.489304E-03      1      0      2     14      9      7
 -8.043451E-01 -3.428808E-02  2.344446E-04      1      0      2     14      9      7
 -7.262009E-01  1.351319E-01  2.933073E-03      1      0      2     14      9      7
 -3.283287E-01  8.443882E-02  4.548891E-03      1      0      2     14      9      7
 -8.243120E-01 -1.105086E-01  7.637752E-05      1      0      2     14      9      7
 -7.026039E-01  3.265863E-02  8.259861E-05      1      0      2     14      9      7
 -2.981002E-01  5.002746E-03  7.983503E-04      1      0      2     14      9      7
 -8.260382E-01  1.693800E-02  4.838434E-04      1      0      2     14      9      7
 -1.245749E+00  2.497674E-01  7.001070E-05      1      0      2     14      9      7
 -1.109390E+00  1.003860E-01  4.264553E-06      1      0      2     14      9      7
 -1.064561E+00  1.446027E-01  1.899636E-05      1      0      2     14      9      7
 -6.790851E-01 -1.418556E-02  3.046010E-05      1      0      2     14      9      7
 -1.145090E+00  1.893321E-01  7.064044E-05      1      0      2     14      9      7
 -3.265399E-01  7.528748E-02  3.455430E-03      1      0      2     14      9      7
 -8.306991E-01  1.078741E-01  2.261868E-03      1      0      2     14      9      7
 -4.695728E-01  1.593367E-01  2.404471E-03      1      0      2     14      9      7
 -1.125785E+00  2.246115E-01  6.178241E-04      1      0      2     14      9      7
 -1.011619E+00  1.889866E-01  1.286496E-05      1      0      2     14      9      7
 -6.521219E-01 -2.309366E-02  2.330220E-04      1      0      2     14      9      7
 -8.210909E-01  1.932978E-01  6.926646E-04      1      0      2     14      9      7
 -9.646825E-01  2.304780E-01  2.556442E-04      1      0      2     14      9      7
 -1.193177E+00  7.410740E-02  6.082132E-04      1      0      2     14      9      7
 -5.130992E-01  3.529127E-02  3.037510E-04      1      0      2     14      9      7
 -1.031943E+00  5.291571E-02  3.427499E-05      1      0      2     14      9      7
 -4.720797E-01  7.892853E-02  1.233063E-03      1      0      2     14      9      7
 -9.405259E-01  5.023060E-02  6.690016E-06      1      0      2     14      9      7
 -5.844178E-01 -2.441517E-02  6.113532E-04      1      0      2     14      9      7
 -9.482566E-01  8.910022E-02  4.406462E-05      1      0      2     14      9      7
 -5.562810E-01  1.416247E-01  1.131663E-03      1      0      2     14      9      7
 -3.537549E-01  3.936836E-02  9.828145E-04      1      0      2     14      9      7
 -4.306807E-01  1.929352E-02  3.945345E-03      1      0      2     14      9      7
 -4.592966E-01  3.057476E-02  2.279737E-03      1      0      2     14      9      7
 -3.601991E-01  8.010980E-02  3.222963E-03      1      0      2     14      9      7
 -7.319352E-01  1.825366E-01  4.742151E-03      1      0      2     14      9      7
 -7.319352E-01  1.825366E-01  4.742151E-03      1      0      2     14      9      7
 -8.226616E-01 -1.427509E-02  2.213640E-04      1      0      2     14      9      7
 -3.591933E-01  6.925967E-02  2.271757E-03      1      0      2     14      9      7
 -1.133110E+00  1.976045E-01  1.095197E-05      1      0      2     14      9      7
 -5.067226E-01  1.218513E-01  2.123949E-03      1      0      2     14      9      7
 -8.393916E-01  1.856005E-01  7.752944E-05      1      0      2     14      9      7
 -1.226764E+00  2.871855E-01  5.497322E-05      1      0      2     14      9      7
 -9.995554E-01  5.146833E-02  2.089773E-05      1      0      2     14      9      7
 -1.647852E+00  3.898108E-01  1.084146E-03      1      0      2     14      9      7
 -2.769759E-01 -9.292663E-02  4.112062E-03      1      0      2     14      9      7
 -7.896638E-01  1.057003E-01  1.502968E-04      1      0      2     14      9      7
 -9.513640E-01  2.184993E-02  6.322752E-06      1      0      2     14      9      7
 -7.764347E-01  1.099449E-01  1.898769E-04      1      0      2     14      9      7
 -6.061492E-01  1.490394E-01  2.791511E-04      1      0      2     14      9      7
 -9.621967E-01  1.299481E-01  8.011260E-05      1      0      2     14      9      7
 -1.484257E+00  3.616093E-01  2.491906E-04      1      0      2     14      9      7
 -5.385071E-01  8.501633E-02  4.088642E-03      1      0      2     14      9      7
 -9.348693E-01  8.657278E-02  6.563200E-05      1      0      2     14      9      7
 -1.820262E+00  3.866927E-01  2.325363E-04      1      0      2     14      9      7
 -3.783075E-01  5.679030E-02  4.647083E-04      1      0      2     14      9      7
 -6.686142E-01  7.546668E-02  6.802259E-04      1      0      2     14      9      7
 -6.109019E-01  1.551067E-02  1.480016E-04      1      0      2     14      9      7
 -1.050373E+00  1.939567E-01  3.374587E-04      1      0      2     14      9      7
 -2.023032E-01  5.868649E-02  4.120736E-04      1      0      2     14      9      7
 -8.174056E-01 -3.105346E-02  6.938269E-05      1      0      2     14      9      7
 -9.304926E-01  1.433306E-01  1.005124E-03      1      0      2     14      9      7
 -7.942813E-01  1.090931E-01  4.741804E-04      1      0      2     14      9      7
 -8.976463E-01 -3.011013E-02  2.131062E-05      1      0      2     14      9      7
 -2.749984E-01 -1.637255E-04  1.787046E-03      1      0      2     14      9      7
 -3.323264E-01  2.314779E-02  1.576212E-04      1      0      2     14      9      7
 -5.988659E-01 -7.885813E-04  3.497759E-04      1      0      2     14      9      7
 -2.144178E+00  3.658672E-01  9.023532E-04      1      0      2     14      9      7
 -9.444995E-01  1.648309E-01  4.800268E-05      1      0      2     14      9      7
 -8.820844E-01  8.592056E-02  4.557913E-03      1      0      2     14      9      7
 -5.370829E-01  3.067326E-03  1.394212E-03      1      0      2     14      9      7
 -8.811431E-01 -2.137899E-02  8.712477E-06      1      0      2     14      9      7
 -9.018472E-01  1.611234E-01  7.042533E-04      1      0      2     14      9      7
 -9.839221E-01  5.022001E-02  7.773242E-05      1      0      2     14      9      7
 -7.277454E-01 -4.675264E-02  2.144073E-04      1      0      2     14      9      7
 -4.275816E-01  1.039213E-01  7.766650E-04      1      0      2     14      9      7
 -9.091653E-01 -2.406875E-02  5.508424E-06      1      0      2     14      9      7
 -6.786779E-01  9.026869E-02  1.430921E-04      1      0      2     14      9      7
 -5.937901E-01 -2.795093E-02  3.476074E-04      1      0      2     14      9      7
 -6.124788E-01  8.724955E-02  7.725881E-04      1      0      2     14      9      7
 -9.441033E-01  2.640555E-02  6.085602E-05      1      0      2     14      9      7
 -5.542955E-01 -2.546104E-02  3.650077E-04      1      0      2     14      9      7
 -5.908428E-01  3.844062E-02  1.899116E-04      1      0      2     14      9      7
 -7.757656E-01  1.261141E-01  8.829058E-04      1      0      2     14      9      7
 -4.857440E-01  1.239258E-01  5.564633E-04      1      0      2     14      9      7
 -3.886288E-01  8.888868E-02  1.840652E-04      1      0      2     14      9      7
 -8.464992E-01  5.073099E-02  2.406032E-04      1      0      2     14      9      7
 -7.009706E-01  1.495978E-02  2.677186E-03      1      0      2     14      9      7
 -8.555905E-01  2.192819E-02  2.299167E-05      1      0      2     14      9      7
 -6.026125E-01  1.373250E-01  1.446152E-04      1      0      2     14      9      7
 -9.769404E-01  1.076549E-01  1.591219E-04      1      0      2     14      9      7
 -4.717942E-01  6.218008E-02  4.398655E-03      1      0      2     14      9      7
 -3.485129E-01  5.661729E-02  4.250848E-04      1      0      2     14      9      7
 -9.339503E-01  2.235610E-01  5.257916E-05      1      0      2     14      9      7
 -7.807452E-01  1.779219E-01  3.462369E-03      1      0      2     14      9      7
 -8.700605E-01  1.687232E-01  8.234533E-04      1      0      2     14      9      7
 -5.990804E-01  4.744655E-02  4.522175E-04      1      0      2     14      9      7
 -9.303206E-01  1.508016E-01  3.700214E-03      1      0      2     14      9      7
 -1.153868E+00  2.376876E-01  9.031339E-04      1      0      2     14      9      7
 -7.326622E-01  1.487688E-01  3.604798E-03      1      0      2     14      9      7
 -9.321602E-01  2.130994E-01  3.016518E-04      1      0      2     14      9      7
 -8.890315E-01  1.549545E-01  8.604571E-05      1      0      2     14      9      7
 -4.531975E-01  6.777929E-02  4.592956E-03      1      0      2     14      9      7
 -1.297939E+00  1.351552E-01  1.371607E-04      1      0      2     14      9      7
 -1.135105E+00  2.289602E-01  1.090166E-03      1      0      2     14      9      7
 -5.803265E-01  7.577889E-02  4.164107E-04      1      0      2     14      9      7
 -8.061539E-01  2.070939E-01  8.111013E-04      1      0      2     14      9      7
 -9.971695E-01  2.094507E-01  1.896514E-04      1      0      2     14      9      7
 -1.035924E+00 -1.400003E-02  8.623308E-05      1      0      2     14      9      7
 -1.153722E+00  1.743929E-01  2.785786E-05      1      0      2     14      9      7
 -3.837079E-01  6.541229E-02  1.617623E-03      1      0      2     14      9      7
 -3.852893E-01 -2.131521E-02  6.428751E-04      1      0      2     14      9      7
 -6.840412E-01 -8.164574E-02  1.731670E-04      1      0      2     14      9      7
 -8.233145E-01  1.238396E-01  4.048220E-03      1      0      2     14      9      7
 -1.094508E+00  2.317588E-01  4.985201E-04      1      0      2     14      9      7
 -6.537374E-01  1.798249E-01  4.328221E-04      1      0      2     14      9      7
 -6.815622E-01  4.096740E-02  4.176250E-04      1      0      2     14      9      7
 -7.784759E-01  7.215749E-02  4.506041E-04      1      0      2     14      9      7
 -9.196240E-01 -1.703621E-01  2.397185E-05      1      0      2     14      9      7
 -7.881464E-01 -3.967510E-02  1.780974E-04      1      0      2     14      9      7
 -6.288334E-01  1.011219E-01  1.275202E-03      1      0      2     14      9      7
 -3.095094E+00  8.337450E-01  1.630460E-04      1      0      2     14      9      7
 -1.033778E+00  2.714468E-01  1.263822E-04      1      0      2     14      9      7
 -6.907620E-01 -3.633096E-03  4.807728E-04      1      0      2     14      9      7
 -6.452573E-01  1.527688E-01  4.224999E-03      1      0      2     14      9      7
 -2.383595E-01 -2.148882E-02  2.474038E-04      1      0      2     14      9      7
 -4.574621E-01  8.391757E-03  2.682737E-04      1      0      2     14      9      7
 -3.551357E-01  1.972532E-02  3.785220E-03      1      0      2     14      9      7
 -2.923491E-01  8.590935E-02  1.534681E-03      1      0      2     14      9      7
 -5.762039E-01  4.471684E-02  2.195077E-04      1      0      2     14      9      7
 -1.118314E+00  1.873331E-01  1.301086E-03      1      0      2     14      9      7
 -3.632022E-01  9.834576E-02  4.184578E-04      1      0      2     14      9      7
 -8.446872E-01  5.941468E-02  8.488511E-06      1      0      2     14      9      7
 -1.092823E+00  2.765034E-01  1.629923E-03      1      0      2     14      9      7
 -6.339954E-01 -1.906536E-02  6.264983E-04      1      0      2     14      9      7
 -7.904976E-01 -8.838830E-02  3.918455E-05      1      0      2     14      9      7
 -1.374034E+00  2.701858E-01  6.530758E-05      1      0      2     14      9      7
 -6.662994E-01 -1.130263E-02  9.819124E-06      1      0      2     14      9      7
 -7.268442E-01  3.538775E-02  4.611519E-03      1      0      2     14      9      7
 -7.150600E-01  1.796907E-01  1.972325E-03      1      0      2     14      9      7
 -2.496425E-01 -9.469741E-03  1.573714E-03      1      0      2     14      9      7
 -1.126683E+00  2.787068E-01  1.217554E-04      1      0      2     14      9      7
 -2.539369E-01 -1.931762E-02  2.772428E-03      1      0      2     14      9      7
 -6.599007E-01  3.657039E-02  6.428057E-04      1      0      2     14      9      7
 -4.270249E-01  1.036022E-01  2.968984E-04      1      0      2     14      9      7
 -9.501204E-01  1.493234E-01  6.266891E-05      1      0      2     14      9      7
 -6.544154E-01  1.912387E-01  2.173219E-04      1      0      2     14      9      7
 -8.862409E-01  1.176331E-02  5.079055E-05      1      0      2     14      9      7
 -6.670598E-01  1.693516E-01  2.579515E-03      1      0      2     14      9      7
 -8.194159E-01  1.977091E-01  2.568759E-04      1      0      2     14      9      7
 -4.649124E-01  1.583060E-01  2.920062E-03      1      0      2     14      9      7
 -9.278644E-01  2.941924E-01  5.498536E-04      1      0      2     14      9      7
 -6.635230E-01  1.254275E-01  6.775196E-04      1      0      2     14      9      7
 -3.999616E-01  1.657495E-02  4.070079E-03      1      0      2     14      9      7
 -5.448546E-01  1.951077E-01  3.408242E-03      1      0      2     14      9      7
 -6.261998E-01  1.149759E-01  4.241480E-03      1      0      2     14      9      7
 -9.015188E-01  2.696755E-01  1.816885E-03      1      0      2     14      9      7
 -3.656497E-01  1.050966E-02  6.161067E-04      1      0      2     14      9      7
 -5.076442E-01  8.204470E-02  1.108676E-03      1      0      2     14      9      7
 -4.299129E-01 -1.961181E-03  2.950074E-03      1      0      2     14      9      7
 -9.852712E-01  1.064328E-01  4.108939E-05      1      0      2     14      9      7
 -9.331551E-01  1.929805E-01  1.042527E-04      1      0      2     14      9      7
 -1.307650E+00  1.216408E-01  1.057395E-05      1      0      2     14      9      7
 -4.336453E-01 -5.400828E-02  5.330258E-05      1      0      2     14      9      7
 -1.228150E+00  3.210758E-01  3.105862E-05      1      0      2     14      9      7
 -2.813536E-01 -2.014154E-02  1.014423E-03      1      0      2     14      9      7
 -2.956439E-01  3.497693E-02  4.620193E-03      1      0      2     14      9      7
 -9.728038E-01  7.076813E-02  1.942486E-05      1      0      2     14      9      7
 -7.881012E-01  9.788165E-02  1.132981E-04      1      0      2     14      9      7
 -9.438014E-01  1.816726E-01  8.973916E-04      1      0      2     14      9      7
 -3.928383E-01  4.093827E-03  3.375107E-03      1      0      2     14      9      7
 -1.088697E+00  2.228462E-01  8.055498E-05      1      0      2     14      9      7
 -1.160612E+00  1.940826E-01  5.009315E-05      1      0      2     14      9      7
 -6.616280E-01  2.879317E-02  4.906266E-04      1      0      2     14      9      7
 -8.226085E-01  2.217138E-01  4.741978E-03      1      0      2     14      9      7
 -4.717942E-01  6.218008E-02  4.398655E-03      1      0      2     14      9      7
 -4.720797E-01  7.892853E-02  1.233063E-03      1      0      2     14      9      7
 -3.070298E-01  2.399803E-03  3.207176E-04      1      0      2     14      9      7
 -1.079229E+00  1.957611E-01  2.163330E-04      1      0      2     14      9      7
 -1.149365E+00  1.699963E-01  9.064300E-05      1      0      2     14      9      7
 -7.989550E-01  1.445646E-01  5.685030E-04      1      0      2     14      9      7
 -3.184909E-01 -3.516014E-03  2.443158E-03      1      0      2     14      9      7
 -5.476245E-01  1.609775E-02  6.666249E-05      1      0      2     14      9      7
 -1.098945E+00  2.654708E-01  8.758624E-05      1      0      2     14      9      7
 -7.723153E-01  1.108823E-01  2.937237E-04      1      0      2     14      9      7
 -7.863256E-01  6.573814E-02  3.676620E-04      1      0      2     14      9      7
 -4.460305E-01  4.618927E-02  3.736472E-03      1      0      2     14      9      7
 -7.325192E-01  1.156164E-01  3.345788E-04      1      0      2     14      9      7
 -1.244095E+00  3.387402E-01  3.904923E-04      1      0      2     14      9      7
 -1.020323E+00  2.459074E-01  3.044796E-03      1      0      2     14      9      7
 -1.006422E+00  1.472499E-01  5.231199E-04      1      0      2     14      9      7
 -7.499307E-01 -3.234927E-02  6.161934E-05      1      0      2     14      9      7
 -3.593242E-01  1.036568E-01  7.253488E-04      1      0      2     14      9      7
 -3.669561E-01 -2.147274E-02  4.740243E-03      1      0      2     14      9      7
 -1.041633E+00  1.556266E-01  3.943957E-05      1      0      2     14      9      7
 -8.565672E-01  1.263905E-01  1.473909E-05      1      0      2     14      9      7
 -9.135482E-01 -6.295303E-03  1.040029E-04      1      0      2     14      9      7
 -1.102516E+00  1.619264E-01  6.263074E-05      1      0      2     14      9      7
 -7.854804E-01  7.700004E-02  4.282422E-03      1      0      2     14      9      7
 -8.308241E-01  4.736666E-02  2.937757E-05      1      0      2     14      9      7
 -3.793692E-01  5.496797E-02  1.893911E-03      1      0      2     14      9      7
 -6.174457E-01  7.069582E-02  2.684646E-03      1      0      2     14      9      7
 -5.727238E-01  3.778405E-02  2.067047E-04      1      0      2     14      9      7
 -7.491294E-01 -2.969753E-03  7.135346E-06      1      0      2     14      9      7
 -4.043368E-01  9.231377E-02  1.679452E-03      1      0      2     14      9      7
 -2.896745E-01 -4.733173E-02  8.438375E-04      1      0      2     14      9      7
 -8.089572E-01  1.174362E-01  1.087147E-04      1      0      2     14      9      7
 -4.183600E-01  2.024304E-02  3.131364E-03      1      0      2     14      9      7
 -1.137912E+00  1.992761E-01  1.680267E-04      1      0      2     14      9      7
 -5.403383E-01  7.017482E-02  3.050868E-04      1      0      2     14      9      7
 -1.280371E+00  2.180304E-01  4.180761E-04      1      0      2     14      9      7
 -6.347935E-01  7.196232E-02  4.233153E-05      1      0      2     14      9      7
 -1.370418E+00  2.963061E-01  1.181244E-05      1      0      2     14      9      7
 -1.105655E+00  2.256297E-01  1.118183E-04      1      0      2     14      9      7
 -7.812920E-01  2.209449E-01  1.369299E-03      1      0      2     14      9      7
 -1.302939E+00  2.301422E-01  9.223905E-04      1      0      2     14      9      7
 -9.215733E-01  2.332962E-01  8.233145E-04      1      0      2     14      9      7
 -5.664909E-01  2.822325E-02  3.165540E-04      1      0      2     14      9      7
 -9.098585E-01  1.751376E-01  7.467739E-04      1      0      2     14      9      7
 -4.328606E-01  6.799348E-02  4.234888E-03      1      0      2     14      9      7
 -4.183600E-01  2.024304E-02  3.131364E-03      1      0      2     14      9      7
 -5.381045E-01  1.043497E-01  4.193599E-03      1      0      2     14      9      7
 -5.747672E-01  1.199385E-01  3.302591E-03      1      0      2     14      9      7
 -1.183098E+00  1.929752E-01  4.726191E-05      1      0      2     14      9      7
 -7.003446E-01  8.422408E-02  4.915460E-04      1      0      2     14      9      7
 -1.153554E+00  1.337766E-01  2.061669E-05      1      0      2     14      9      7
 -2.838934E-01  8.371562E-02  8.464744E-04      1      0      2     14      9      7
 -8.732504E-01  1.400950E-01  5.710185E-05      1      0      2     14      9      7
 -1.057299E+00  1.068852E-01  8.608388E-04      1      0      2     14      9      7
 -9.886410E-01  1.960871E-01  7.834655E-04      1      0      2     14      9      7
 -1.038089E+00  2.690205E-01  5.397222E-04      1      0      2     14      9      7
 -9.382265E-01  2.131623E-01  7.987320E-04      1      0      2     14      9      7
 -3.969779E-01  2.015831E-02  3.233545E-03      1      0      2     14      9      7
 -1.066009E+00  2.340158E-01  4.054986E-05      1      0      2     14      9      7
 -9.027378E-01 -2.494951E-02  8.491114E-05      1      0      2     14      9      7
 -8.820758E-01  9.473306E-03  3.237882E-04      1      0      2     14      9      7
 -3.240006E-01 -1.289083E-02  4.503612E-03      1      0      2     14      9      7
 -8.485921E-01  2.096031E-01  4.683861E-03      1      0      2     14      9      7
 -4.805792E-01  1.341524E-01  6.879285E-04      1      0      2     14      9      7
 -9.329701E-01 -7.270753E-02  1.158934E-05      1      0      2     14      9      7
 -1.312099E+00  2.286570E-01  4.926390E-06      1      0      2     14      9      7
 -6.283560E-01  1.242492E-01  4.930380E-04      1      0      2     14      9      7
 -9.522064E-01  2.788916E-01  1.049623E-03      1      0      2     14      9      7
 -1.069154E+00  1.923869E-01  2.149972E-05      1      0      2     14      9      7
 -5.764213E-01  1.443318E-01  3.441377E-03      1      0      2     14      9      7
 -2.833412E-01  8.912406E-03  4.655410E-03      1      0      2     14      9      7
 -8.859809E-01  1.649458E-01  1.777678E-03      1      0      2     14      9      7
 -9.783330E-01  8.999007E-02  2.729925E-04      1      0      2     14      9      7
 -6.526676E-01  1.767546E-01  3.436000E-03      1      0      2     14      9      7
 -3.963448E-01  6.917560E-02  4.356846E-03      1      0      2     14      9      7
 -2.948358E-01  1.097970E-01  5.570184E-04      1      0      2     14      9      7
 -4.561617E-01  1.536633E-01  2.286676E-03      1      0      2     14      9      7
 -7.970332E-01 -1.402998E-01  3.274834E-04      1      0      2     14      9      7
 -8.705589E-01  1.503803E-01  5.407458E-04      1      0      2     14      9      7
 -6.109471E-01  1.030434E-01  2.301943E-04      1      0      2     14      9      7
 -9.059403E-01  1.736324E-01  2.128113E-04      1      0      2     14      9      7
 -7.388530E-01  1.060340E-01  4.671370E-04      1      0      2     14      9      7
 -4.100682E-01  1.474218E-01  2.506305E-04      1      0      2     14      9      7
 -8.170653E-01  8.979508E-02  4.973230E-04      1      0      2     14      9      7
 -1.845307E+00  5.033531E-01  5.565674E-05      1      0      2     14      9      7
 -4.437239E-01  6.800534E-02  3.508862E-03      1      0      2     14      9      7
 -1.101959E+00  2.518482E-01  5.505475E-04      1      0      2     14      9      7
 -4.055093E-01 -9.810132E-03  6.181017E-04      1      0      2     14      9      7
 -8.922979E-01  1.633268E-01  6.426322E-04      1      0      2     14      9      7
 -9.242659E-01  1.112893E-01  1.071672E-04      1      0      2     14      9      7
 -9.436473E-01  1.892803E-01  5.512762E-05      1      0      2     14      9      7
 -5.670569E-01  1.383819E-01  1.711043E-04      1      0      2     14      9      7
 -4.652025E-01  3.211736E-02  6.625827E-04      1      0      2     14      9      7
 -3.951631E-01  6.391116E-03  4.519573E-04      1      0      2     14      9      7
 -2.673846E-01  3.800722E-02  9.185392E-04      1      0      2     14      9      7
 -1.081396E+00  1.208361E-01  2.663134E-05      1      0      2     14      9      7
 -1.195538E+00  1.708076E-01  7.684939E-06      1      0      2     14      9      7
 -2.640688E-01 -3.260870E-02  1.048443E-03      1      0      2     14      9      7
 -2.212700E+00  3.865506E-01  1.995746E-03      1      0      2     14      9      7
 -3.735911E-01  6.269855E-02  3.019814E-03      1      0      2     14      9      7
 -4.739611E-01  1.363743E-01  7.908905E-04      1      0      2     14      9      7
 -6.027384E-01  1.106908E-01  2.963779E-03      1      0      2     14      9      7
 -1.192989E+00  2.176228E-01  2.109203E-03      1      0      2     14      9      7
 -4.374894E-01 -4.917707E-02  4.733651E-03      1      0      2     14      9      7
 -1.079579E+00  1.439963E-01  5.724584E-04      1      0      2     14      9      7
 -8.591717E-01  1.031708E-01  9.255999E-05      1      0      2     14      9      7
 -7.780599E-01  7.951394E-02  9.309258E-06      1      0      2     14      9      7
 -9.003895E-01  1.078492E-01  2.011706E-03      1      0      2     14      9      7
 -8.799451E-01  1.859649E-01  1.341230E-03      1      0      2     14      9      7
 -8.349190E-01  1.601940E-01  1.903279E-04      1      0      2     14      9      7
 -1.365747E+00  1.219448E-01  1.139227E-04      1      0      2     14      9      7
 -9.176021E-01  1.817080E-01  2.709454E-04      1      0      2     14      9      7
 -1.107195E+00  1.069862E-01  4.149881E-05      1      0      2     14      9      7
 -1.014143E+00  1.740502E-01  4.748570E-05      1      0      2     14      9      7
 -1.102680E+00  1.966828E-01  1.182684E-03      1      0      2     14      9      7
 -7.229127E-01  3.945063E-02  1.635196E-04      1      0      2     14      9      7
 -1.242450E+00  1.926664E-01  1.319371E-04      1      0      2     14      9      7
 -5.629971E-01  5.996785E-02  4.079621E-04      1      0      2     14      9      7
 -7.327764E-01  7.684838E-02  1.041417E-03      1      0      2     14      9      7
 -8.782476E-01  1.405760E-01  3.453174E-04      1      0      2     14      9      7
 -6.573206E-01  1.427509E-01  1.777851E-03      1      0      2     14      9      7
 -2.421484E-01  3.937239E-02  7.396611E-04      1      0      2     14      9      7
 -1.378189E+00  2.951169E-01  9.118948E-04      1      0      2     14      9      7
 -4.249367E-01  9.624244E-02  2.366478E-04      1      0      2     14      9      7
 -1.124295E+00  2.397117E-01  6.467784E-05      1      0      2     14      9      7
 -7.906832E-01  5.556185E-02  7.624394E-05      1      0      2     14      9      7
 -6.877108E-01  6.501658E-02  1.057395E-04      1      0      2     14      9      7
 -1.116293E+00  2.299711E-01  3.949682E-04      1      0      2     14      9      7
 -3.835819E-01  2.537003E-02  7.545633E-04      1      0      2     14      9      7
 -1.022589E+00  1.956869E-01  5.400345E-05      1      0      2     14      9      7
 -8.151282E-01  1.524865E-03  7.186350E-05      1      0      2     14      9      7
 -9.352136E-01  4.536960E-02  1.471307E-05      1      0      2     14      9      7
 -8.744000E-01  1.257587E-01  9.068117E-05      1      0      2     14      9      7
 -4.342370E-01 -6.121817E-03  1.904494E-03      1      0      2     14      9      7
 -9.332670E-01  1.926702E-01  7.374926E-05      1      0      2     14      9      7
 -3.837673E-01  8.784908E-02  7.543724E-04      1      0      2     14      9      7
 -5.873720E-01  1.411590E-01  3.202145E-04      1      0      2     14      9      7
 -4.944997E-01  1.340609E-01  1.030783E-03      1      0      2     14      9      7
 -5.538342E-01  1.069586E-02  2.530246E-03      1      0      2     14      9      7
 -3.826992E-01  9.683876E-02  1.327629E-03      1      0      2     14      9      7
 -4.964788E-01 -1.669722E-02  5.589268E-04      1      0      2     14      9      7
 -9.783735E-01  2.276605E-01  1.362135E-04      1      0      2     14      9      7
 -1.327736E+00  1.880841E-01  1.129512E-05      1      0      2     14      9      7
 -4.910219E-01  7.265485E-02  4.557913E-03      1      0      2     14      9      7
 -4.054750E-01  9.339922E-02  3.045837E-03      1      0      2     14      9      7
 -9.046647E-01 -5.275066E-02  3.890177E-05      1      0      2     14      9      7
 -1.402007E+00  2.951471E-01  6.113359E-04      1      0      2     14      9      7
 -6.226105E-01  3.417690E-02  3.299469E-04      1      0      2     14      9      7
 -6.887539E-01  1.181923E-01  2.844597E-03      1      0      2     14      9      7
 -5.509069E-01  6.068942E-02  3.944131E-03      1      0      2     14      9      7
 -7.188961E-01 -1.900392E-02  6.567363E-05      1      0      2     14      9      7
 -4.158640E-01  3.202167E-02  4.734691E-03      1      0      2     14      9      7
 -6.321526E-01 -5.799900E-02  1.479444E-04      1      0      2     14      9      7
 -2.608956E-01  3.667685E-02  1.808558E-03      1      0      2     14      9      7
 -1.220445E+00  1.902389E-01  7.420205E-04      1      0      2     14      9      7
 -3.636070E-01 -2.498403E-02  4.706934E-04      1      0      2     14      9      7
 -4.344113E-01  9.268523E-02  4.785175E-04      1      0      2     14      9      7
 -8.232020E-01 -9.313257E-02  4.005023E-05      1      0      2     14      9      7
 -8.939837E-01  1.552723E-01  3.752259E-04      1      0      2     14      9      7
 -1.131679E+00  2.582448E-01  5.296775E-05      1      0      2     14      9      7
 -7.330940E-01  1.730104E-01  5.405376E-04      1      0      2     14      9      7
 -9.154690E-01  1.228484E-01  3.880983E-06      1      0      2     14      9      7
 -1.275252E+00  1.918467E-01  2.488263E-03      1      0      2     14      9      7
 -8.576517E-01 -1.581454E-01  1.043013E-04      1      0      2     14      9      7
 -7.556104E-01  4.297652E-02  7.654407E-05      1      0      2     14      9      7
 -1.080563E+00  2.020071E-01  7.622312E-05      1      0      2     14      9      7
 -7.771869E-01  1.400611E-01  1.083660E-04      1      0      2     14      9      7
 -1.233708E+00  2.674072E-01  1.078577E-04      1      0      2     14      9      7
 -2.544949E-01 -9.156932E-03  4.129410E-03      1      0      2     14      9      7
 -1.000922E+00  1.902218E-01  6.749520E-04      1      0      2     14      9      7
 -5.692479E-01  1.729858E-01  4.302199E-04      1      0      2     14      9      7
 -3.572954E-01  7.035706E-02  3.445888E-03      1      0      2     14      9      7
 -5.542815E-01 -7.215650E-02  6.442803E-04      1      0      2     14      9      7
 -9.198753E-01  2.876845E-01  7.809847E-04      1      0      2     14      9      7
 -6.043955E-01 -2.818489E-02  6.250063E-04      1      0      2     14      9      7
 -5.449524E-01 -1.575033E-02  1.063796E-04      1      0      2     14      9      7
 -7.073763E-01  9.266395E-02  4.187527E-04      1      0      2     14      9      7
 -1.132859E+00  6.306484E-02  2.315821E-05      1      0      2     14      9      7
 -7.298118E-01 -1.595611E-01  8.987100E-06      1      0      2     14      9      7
 -2.473908E-01 -4.126244E-02  1.989674E-03      1      0      2     14      9      7
 -8.525902E-01  2.331509E-01  4.854915E-04      1      0      2     14      9      7
 -6.744954E-01  7.397944E-02  5.207432E-04      1      0      2     14      9      7
 -1.158570E+00  2.185827E-01  1.201923E-03      1      0      2     14      9      7
 -5.402375E-01  4.129186E-02  3.426458E-05      1      0      2     14      9      7
 -1.007322E+00  1.208301E-01  4.286238E-05      1      0      2     14      9      7
 -6.376840E-01  6.545196E-03  3.323062E-04      1      0      2     14      9      7
 -3.513740E-01 -5.146007E-02  2.688115E-04      1      0      2     14      9      7
 -8.774771E-01  2.112352E-01  1.625603E-03      1      0      2     14      9      7
 -7.851291E-01 -1.008462E-01  1.063536E-04      1      0      2     14      9      7
 -8.478778E-01  2.229196E-01  2.223529E-03      1      0      2     14      9      7
 -7.371446E-01  1.843456E-01  2.374979E-04      1      0      2     14      9      7
 -1.037442E+00  2.947203E-01  1.840999E-03      1      0      2     14      9      7
 -2.943078E-01  7.395474E-03  2.182587E-04      1      0      2     14      9      7
 -1.075443E+00  4.889330E-02  2.867843E-05      1      0      2     14      9      7
 -9.947472E-01  1.260086E-01  2.661746E-05      1      0      2     14      9      7
 -4.240981E-01  1.349630E-02  8.661300E-04      1      0      2     14      9      7
 -1.898067E+00  3.304219E-01  3.810375E-05      1      0      2     14      9      7
 -5.887544E-01  8.520935E-02  6.009963E-04      1      0      2     14      9      7
 -1.881944E+00  3.754545E-01  3.127200E-05      1      0      2     14      9      7
 -6.599007E-01  3.657039E-02  6.428057E-04      1      0      2     14      9      7
 -7.844637E-01  2.981407E-02  8.622093E-05      1      0      2     14      9      7
 -4.156612E-01  1.008131E-01  3.079319E-03      1      0      2     14      9      7
 -4.670128E-01  4.697275E-02  7.840206E-04      1      0      2     14      9      7
 -4.339854E-01 -1.865632E-02  3.742023E-04      1      0      2     14      9      7
 -2.887377E-01  5.224780E-02  3.479197E-03      1      0      2     14      9      7
 -6.136554E-01  6.693427E-02  1.944742E-04      1      0      2     14      9      7
 -5.643806E-01  9.410711E-02  4.040587E-05      1      0      2     14      9      7
 -5.626730E-01  1.074550E-02  1.889054E-04      1      0      2     14      9      7
 -4.174796E-01  2.115134E-02  4.739029E-03      1      0      2     14      9      7
 -1.106144E+00  1.947232E-01  6.637624E-05      1      0      2     14      9      7
 -1.359718E+00  3.410765E-01  2.962565E-03      1      0      2     14      9      7
 -6.723120E-01  7.409752E-02  3.544947E-04      1      0      2     14      9      7
 -1.526112E+00  2.085402E-01  8.115697E-05      1      0      2     14      9      7
 -1.303654E+00  2.280317E-01  1.560807E-04      1      0      2     14      9      7
 -7.151923E-01 -1.687313E-01  1.940405E-04      1      0      2     14      9      7
 -5.693854E-01  1.510749E-01  4.693403E-03      1      0      2     14      9      7
 -1.060912E+00  1.752060E-01  7.101343E-04      1      0      2     14      9      7
 -8.469297E-01  6.990384E-02  8.245809E-04      1      0      2     14      9      7
 -9.839565E-01  1.134204E-01  5.677917E-05      1      0      2     14      9      7
 -1.287889E+00  2.008685E-01  4.143636E-05      1      0      2     14      9      7
 -3.794471E-01  3.530268E-02  4.096448E-03      1      0      2     14      9      7
 -8.606115E-01  1.820951E-01  7.996167E-04      1      0      2     14      9      7
 -3.428144E-01  4.297384E-02  1.081925E-03      1      0      2     14      9      7
 -9.160481E-01  2.164437E-01  1.882461E-04      1      0      2     14      9      7
 -4.793505E-01  6.029067E-02  2.428238E-03      1      0      2     14      9      7
 -1.070172E+00  8.699968E-02  4.006064E-05      1      0      2     14      9      7
 -7.094453E-01  8.576374E-02  5.530804E-05      1      0      2     14      9      7
 -2.528799E-01  1.135345E-02  1.196649E-03      1      0      2     14      9      7
 -3.283287E-01  8.443882E-02  4.548891E-03      1      0      2     14      9      7
 -1.287380E+00  2.719027E-01  4.220489E-05      1      0      2     14      9      7
 -8.030516E-01  6.397383E-02  7.371109E-05      1      0      2     14      9      7
 -9.881375E-01  1.068546E-01  9.324698E-05      1      0      2     14      9      7
 -9.178827E-01  6.963470E-02  6.444364E-04      1      0      2     14      9      7
 -6.416221E-01  1.431271E-01  7.505038E-04      1      0      2     14      9      7
 -8.649853E-01  1.331392E-01  6.980079E-04      1      0      2     14      9      7
 -8.017388E-01  1.590380E-01  7.773936E-04      1      0      2     14      9      7
 -9.087511E-01 -2.257682E-02  9.237089E-05      1      0      2     14      9      7
 -3.840736E-01  5.122158E-02  6.974354E-04      1      0      2     14      9      7
 -9.586910E-01  7.426467E-02  8.289526E-05      1      0      2     14      9      7
 -8.572516E-01  2.211181E-02  6.154821E-04      1      0      2     14      9      7
 -8.767064E-01  2.728467E-02  9.177931E-06      1      0      2     14      9      7
 -5.173324E-01  1.280805E-03  3.369035E-04      1      0      2     14      9      7
 -1.317797E+00  1.779499E-01  2.205660E-03      1      0      2     14      9      7
 -6.295707E-01 -5.298613E-04  2.703902E-04      1      0      2     14      9      7
 -8.074516E-01  1.659903E-03  7.951235E-05      1      0      2     14      9      7
 -3.228162E-01  1.365508E-01  7.061789E-04      1      0      2     14      9      7
 -9.526095E-01  7.063789E-02  1.246179E-05      1      0      2     14      9      7
 -1.495336E+00  2.437992E-01  1.106751E-03      1      0      2     14      9      7
 -7.992319E-01  2.686519E-02  9.531836E-05      1      0      2     14      9      7
 -9.447703E-01 -1.410949E-02  3.160682E-06      1      0      2     14      9      7
 -8.339941E-01  1.568510E-01  2.351038E-04      1      0      2     14      9      7
 -1.227228E+00  2.706005E-01  4.765224E-05      1      0      2     14      9      7
 -5.451254E-01 -1.658032E-02  7.061269E-04      1      0      2     14      9      7
 -4.577780E-01  5.915841E-03  2.977138E-04      1      0      2     14      9      7
 -5.856395E-01 -1.179470E-02  1.224285E-04      1      0      2     14      9      7
 -8.039824E-01  1.174654E-01  2.372724E-04      1      0      2     14      9      7
 -6.856313E-01  9.113101E-02  1.014267E-03      1      0      2     14      9      7
 -7.080679E-01 -1.233329E-01  1.878992E-04      1      0      2     14      9      7
 -8.349680E-01  4.612620E-02  5.754770E-05      1      0      2     14      9      7
 -3.915364E-01  1.146055E-02  4.739029E-03      1      0      2     14      9      7
 -7.999889E-01  3.255581E-03  5.844460E-05      1      0      2     14      9      7
 -6.200262E-01  9.504987E-02  4.698954E-03      1      0      2     14      9      7
 -7.696833E-01  2.262566E-02  5.996431E-06      1      0      2     14      9      7
 -7.577269E-01  1.252964E-01  2.358498E-03      1      0      2     14      9      7
 -5.221179E-01 -3.906088E-02  2.335772E-04      1      0      2     14      9      7
 -9.816575E-01  2.076346E-01  6.990314E-04      1      0      2     14      9      7
 -1.710651E+00  4.312601E-01  1.078091E-04      1      0      2     14      9      7
 -7.040724E-01  1.870035E-01  4.198977E-03      1      0      2     14      9      7
 -7.605118E-01  2.074050E-01  4.183884E-03      1      0      2     14      9      7
 -1.557410E+00  2.974502E-01  6.399432E-04      1      0      2     14      9      7
 -8.737687E-01  1.071749E-01  2.807125E-04      1      0      2     14      9      7
 -1.537472E+00  3.093209E-01  1.643871E-03      1      0      2     14      9      7
 -3.758706E-01  1.062042E-01  8.991958E-04      1      0      2     14      9      7
 -5.332038E-01  9.802852E-02  8.931586E-04      1      0      2     14      9      7
 -4.624752E-01 -1.185918E-02  1.083469E-03      1      0      2     14      9      7
 -9.000477E-01 -1.521384E-02  9.886435E-05      1      0      2     14      9      7
 -3.541828E-01  8.957961E-02  7.084168E-04      1      0      2     14      9      7
 -6.066999E-01  1.491510E-01  3.886187E-03      1      0      2     14      9      7
 -6.510297E-01  3.125407E-02  8.136168E-04      1      0      2     14      9      7
 -7.965824E-01  8.126807E-02  1.504946E-03      1      0      2     14      9      7
 -9.055283E-01  1.612233E-01  3.218452E-04      1      0      2     14      9      7
 -6.795456E-01 -1.411500E-01  6.178068E-05      1      0      2     14      9      7
 -4.745343E-01 -7.247327E-03  7.065085E-04      1      0      2     14      9      7
 -2.872540E-01 -9.861421E-02  9.758926E-04      1      0      2     14      9      7
 -8.297297E-01 -4.365337E-02  2.655848E-05      1      0      2     14      9      7
 -4.572041E-01  6.057494E-03  9.406929E-04      1      0      2     14      9      7
 -8.934955E-01  2.033231E-01  3.138997E-03      1      0      2     14      9      7
 -6.819441E-01  4.538008E-02  1.873787E-04      1      0      2     14      9      7
 -5.169576E-01  6.956050E-03  2.177556E-04      1      0      2     14      9      7
 -1.360702E+00  2.853697E-01  2.187097E-05      1      0      2     14      9      7
 -7.695760E-01 -9.139698E-02  4.142942E-05      1      0      2     14      9      7
 -3.549677E-01  9.046035E-02  2.489304E-03      1      0      2     14      9      7
 -1.888305E+00  3.163957E-01  4.523563E-03      1      0      2     14      9      7
 -7.767857E-01  9.174778E-02  4.369684E-03      1      0      2     14      9      7
 -9.645274E-01  1.320046E-01  2.775377E-04      1      0      2     14      9      7
 -4.172135E-01  6.354096E-02  4.296821E-03      1      0      2     14      9      7
 -1.578803E+00  3.396115E-01  1.157373E-05      1      0      2     14      9      7
 -5.346259E-01  1.695313E-02  4.207477E-03      1      0      2     14      9      7
 -3.552503E-01  7.685550E-02  1.647531E-03      1      0      2     14      9      7
 -7.602861E-01  1.079228E-01  1.400249E-04      1      0      2     14      9      7
 -3.864705E-01  3.008514E-02  8.399515E-04      1      0      2     14      9      7
 -1.151397E+00  2.417980E-01  1.699160E-03      1      0      2     14      9      7
 -4.713191E-01  8.260667E-02  1.039856E-03      1      0      2     14      9      7
 -7.260758E-01  1.469136E-01  8.246329E-04      1      0      2     14      9      7
 -7.433262E-01 -6.672998E-02  1.052555E-04      1      0      2     14      9      7
 -8.387429E-01  2.751515E-01  9.258081E-04      1      0      2     14      9      7
 -6.663438E-01  1.159144E-01  3.860165E-03      1      0      2     14      9      7
 -6.757519E-01  4.118509E-03  5.681560E-04      1      0      2     14      9      7
 -3.004759E+00  7.090067E-01  5.759454E-05      1      0      2     14      9      7
 -7.897438E-01  1.004775E-01  3.540436E-04      1      0      2     14      9      7
 -1.114890E+00  1.177267E-01  4.178679E-05      1      0      2     14      9      7
 -5.593189E-01  3.588956E-02  4.874692E-04      1      0      2     14      9      7
 -7.772971E-01  1.869245E-01  6.440200E-04      1      0      2     14      9      7
 -5.203572E-01  6.936949E-02  1.878645E-04      1      0      2     14      9      7
 -1.028526E+00  1.765888E-01  2.219018E-04      1      0      2     14      9      7
 -1.287648E+00  2.260024E-01  4.741631E-05      1      0      2     14      9      7
 -6.200262E-01  9.504987E-02  4.698954E-03      1      0      2     14      9      7
 -7.618803E-01 -5.987354E-03  1.043586E-04      1      0      2     14      9      7
 -1.506797E+00  2.669823E-01  2.220579E-05      1      0      2     14      9      7
 -2.966708E-01  3.876801E-02  1.324836E-03      1      0      2     14      9      7
 -4.134393E-01 -9.240553E-03  2.485314E-03      1      0      2     14      9      7
 -6.271323E-01  5.960430E-02  6.079356E-05      1      0      2     14      9      7
 -7.860228E-01  6.330231E-02  6.462233E-04      1      0      2     14      9      7
 -9.070136E-01 -2.682559E-02  6.514971E-05      1      0      2     14      9      7
 -6.647744E-01  1.335103E-02  5.821908E-04      1      0      2     14      9      7
 -8.601106E-01  2.975129E-01  1.150052E-03      1      0      2     14      9      7
 -7.282076E-01  1.269629E-01  2.559044E-03      1      0      2     14      9      7
 -8.410520E-01  1.095575E-01  3.730747E-04      1      0      2     14      9      7
 -8.580922E-01  4.113761E-02  1.944048E-03      1      0      2     14      9      7
 -5.919276E-01  1.598216E-01  1.231467E-03      1      0      2     14      9      7
 -4.852334E-01 -1.017295E-02  3.955407E-03      1      0      2     14      9      7
 -8.293434E-01  1.509810E-01  1.472019E-03      1      0      2     14      9      7
 -4.018912E-01 -5.279136E-03  4.050996E-04      1      0      2     14      9      7
 -3.452252E-01 -1.902554E-02  3.870574E-03      1      0      2     14      9      7
 -7.979796E-01  3.484805E-03  6.048303E-05      1      0      2     14      9      7
 -1.477793E+00  3.019400E-01  6.145106E-04      1      0      2     14      9      7
 -1.119578E+00  3.545710E-02  1.217762E-05      1      0      2     14      9      7
 -4.800926E-01 -2.372075E-02  4.936799E-05      1      0      2     14      9      7
 -6.427660E-01  4.777816E-02  1.738471E-03      1      0      2     14      9      7
 -3.654794E-01 -8.206189E-02  7.512497E-04      1      0      2     14      9      7
 -3.371369E-01 -1.128707E-02  2.811635E-04      1      0      2     14      9      7
 -8.929185E-01  3.559278E-02  4.043363E-05      1      0      2     14      9      7
 -8.514050E-01 -7.388459E-02  1.574547E-05      1      0      2     14      9      7
 -3.877250E-01  1.140107E-01  1.639551E-03      1      0      2     14      9      7
 -1.064478E+00  8.062189E-02  1.011647E-04      1      0      2     14      9      7
 -4.863411E-01  4.820410E-02  5.320196E-04      1      0      2     14      9      7
 -1.095442E+00  2.559382E-01  7.930417E-04      1      0      2     14      9      7
 -5.715963E-01  8.105485E-02  3.033693E-04      1      0      2     14      9      7
 -6.817912E-01 -8.922225E-02  7.204739E-05      1      0      2     14      9      7
 -4.016021E-01 -2.255316E-03  2.440902E-03      1      0      2     14      9      7
 -8.633897E-01 -5.124215E-02  6.213806E-05      1      0      2     14      9      7
 -3.094638E-01  4.542430E-02  5.460890E-04      1      0      2     14      9      7
 -1.354515E+00  2.579712E-01  3.873176E-03      1      0      2     14      9      7
 -3.507925E-01  1.211344E-02  2.821524E-04      1      0      2     14      9      7
 -7.641728E-01  1.278783E-01  3.936324E-03      1      0      2     14      9      7
 -7.425407E-01  1.799514E-01  2.301769E-03      1      0      2     14      9      7
 -5.543224E-01  1.269760E-01  2.405338E-04      1      0      2     14      9      7
 -1.554032E+00  2.240905E-01  7.949327E-04      1      0      2     14      9      7
 -8.580691E-01  2.289701E-01  4.701730E-03      1      0      2     14      9      7
 -1.454479E+00  3.019781E-01  2.113540E-03      1      0      2     14      9      7
 -5.348477E-01  1.040679E-01  3.353595E-04      1      0      2     14      9      7
 -9.025675E-01  2.706630E-01  7.611903E-04      1      0      2     14      9      7
 -5.701839E-01 -1.427543E-02  2.940012E-03      1      0      2     14      9      7
 -6.437636E-01 -7.467431E-02  1.271455E-05      1      0      2     14      9      7
 -7.259179E-01 -1.278274E-01  1.629402E-05      1      0      2     14      9      7
 -5.854534E-01  1.079372E-01  2.765142E-03      1      0      2     14      9      7
 -7.577269E-01  1.252964E-01  2.358498E-03      1      0      2     14      9      7
 -1.042410E+00  1.561008E-01  4.143115E-06      1      0      2     14      9      7
 -7.568996E-01  3.072685E-02  1.909178E-04      1      0      2     14      9      7
 -8.647417E-01  1.337513E-01  1.115910E-04      1      0      2     14      9      7
 -8.741344E-01  1.746060E-01  3.073074E-04      1      0      2     14      9      7
 -7.445850E-01  8.283443E-02  2.192649E-04      1      0      2     14      9      7
 -8.810760E-01  9.351559E-02  1.222221E-04      1      0      2     14      9      7
 -8.459136E-01  1.208805E-01  1.818099E-04      1      0      2     14      9      7
 -1.285028E+00  1.985619E-01  3.539742E-05      1      0      2     14      9      7
 -4.899571E-01  1.010252E-01  6.416780E-04      1      0      2     14      9      7
 -9.006499E-01 -8.281473E-02  3.317337E-05      1      0      2     14      9      7
 -9.908477E-01  1.720541E-01  8.184570E-04      1      0      2     14      9      7
 -3.118524E-01  5.418722E-02  9.621354E-04      1      0      2     14      9      7
 -5.796560E-01  1.116296E-01  1.198402E-03      1      0      2     14      9      7
 -6.113791E-01  1.917394E-01  1.463483E-03      1      0      2     14      9      7
 -8.171965E-01  7.018171E-02  7.740627E-05      1      0      2     14      9      7
 -6.750195E-01  8.066378E-02  2.997782E-04      1      0      2     14      9      7
 -1.517210E+00  2.460761E-01  2.719342E-05      1      0      2     14      9      7
 -9.872419E-01  1.616228E-01  1.506975E-03      1      0      2     14      9      7
 -3.886912E-01  4.641714E-02  2.109203E-04      1      0      2     14      9      7
 -7.062615E-01  2.199180E-01  9.582147E-04      1      0      2     14      9      7
 -4.551484E-01  2.814346E-02  5.083565E-04      1      0      2     14      9      7
 -7.656638E-01  9.051220E-02  1.187836E-04      1      0      2     14      9      7
 -1.261268E+00  3.257105E-01  1.413607E-03      1      0      2     14      9      7
 -5.426473E-01  8.423664E-02  4.593130E-04      1      0      2     14      9      7
 -7.248365E-01  1.007423E-01  2.121868E-03      1      0      2     14      9      7
 -5.857718E-01  1.473669E-02  4.005890E-04      1      0      2     14      9      7
 -9.894922E-01  2.011252E-01  3.425764E-04      1      0      2     14      9      7
 -8.267130E-01  2.527039E-01  3.498280E-03      1      0      2     14      9      7
 -9.824516E-01  6.456783E-02  1.394784E-05      1      0      2     14      9      7
 -3.386332E-01  6.555957E-02  1.954283E-03      1      0      2     14      9      7
 -8.260869E-01  1.259226E-01  2.670594E-05      1      0      2     14      9      7
 -2.908948E-01  2.433733E-02  3.750871E-03      1      0      2     14      9      7
 -1.138558E+00  2.210567E-01  1.192399E-05      1      0      2     14      9      7
 -3.413084E-01 -1.216961E-01  8.232624E-04      1      0      2     14      9      7
 -8.271183E-01  1.126116E-01  5.733085E-04      1      0      2     14      9      7
 -5.433663E-01  9.781536E-02  4.371939E-03      1      0      2     14      9      7
 -6.473817E-01 -4.046533E-02  2.130715E-04      1      0      2     14      9      7
 -4.010471E-01  2.041831E-02  4.734344E-03      1      0      2     14      9      7
 -1.004146E+00  1.429938E-01  6.052640E-04      1      0      2     14      9      7
 -7.430359E-01 -1.410170E-01  9.275949E-05      1      0      2     14      9      7
 -1.209525E+00  2.821612E-01  1.066954E-03      1      0      2     14      9      7
 -9.313001E-01  8.826531E-02  1.197846E-04      1      0      2     14      9      7
 -5.887731E-01 -5.376377E-02  3.833102E-04      1      0      2     14      9      7
 -1.211102E+00  1.204754E-01  1.010763E-04      1      0      2     14      9      7
 -8.515933E-01  2.441345E-01  1.875522E-03      1      0      2     14      9      7
 -2.733011E-01  1.153016E-02  1.069677E-03      1      0      2     14      9      7
 -3.758209E-01  6.000232E-02  1.793985E-03      1      0      2     14      9      7
 -1.055325E+00  1.284735E-01  5.925477E-05      1      0      2     14      9      7
 -7.953799E-01  2.960578E-02  1.267239E-05      1      0      2     14      9      7
 -8.735854E-01  8.822273E-02  7.965808E-05      1      0      2     14      9      7
 -5.166560E-01  5.467844E-02  4.828719E-04      1      0      2     14      9      7
 -9.408842E-01  5.998009E-02  1.341455E-04      1      0      2     14      9      7
 -4.124818E-01  9.323927E-02  2.215548E-03      1      0      2     14      9      7
 -7.055636E-01  1.670591E-01  1.304434E-03      1      0      2     14      9      7
 -9.627263E-01  1.720526E-01  3.296866E-04      1      0      2     14      9      7
 -9.616652E-01  7.188830E-02  2.281992E-04      1      0      2     14      9      7
 -5.371111E-01  6.379994E-02  6.064610E-04      1      0      2     14      9      7
 -1.270005E+00  3.067360E-01  7.285929E-04      1      0      2     14      9      7
 -8.861829E-01  1.811563E-01  2.679962E-05      1      0      2     14      9      7
 -3.461075E-01  3.836804E-02  1.921669E-03      1      0      2     14      9      7
 -3.579202E-01  6.716933E-02  6.808504E-04      1      0      2     14      9      7
 -1.906063E+00  4.475558E-01  2.329353E-04      1      0      2     14      9      7
 -7.612947E-01  2.590455E-01  5.444062E-04      1      0      2     14      9      7
 -1.332635E+00  3.486945E-01  1.511451E-04      1      0      2     14      9      7
 -2.662550E-01 -3.387653E-02  1.574807E-03      1      0      2     14      9      7
 -7.273514E-01 -6.558248E-03  3.562468E-04      1      0      2     14      9      7
 -8.038294E-01  1.185715E-01  4.307403E-04      1      0      2     14      9      7
 -5.003593E-01  1.631863E-01  1.787566E-03      1      0      2     14      9      7
 -7.016920E-01  6.357728E-02  2.634336E-03      1      0      2     14      9      7
 -6.945564E-01  5.067037E-02  4.945820E-04      1      0      2     14      9      7
 -3.033796E-01  2.567286E-02  3.382046E-03      1      0      2     14      9      7
 -5.715633E-01  1.384449E-01  2.163330E-04      1      0      2     14      9      7
 -7.779861E-01  5.079372E-02  6.443150E-04      1      0      2     14      9      7
 -1.180363E+00  2.171745E-01  3.751565E-04      1      0      2     14      9      7
 -3.699531E-01  8.237457E-02  4.345049E-03      1      0      2     14      9      7
 -1.263787E+00  3.023248E-01  7.985759E-05      1      0      2     14      9      7
 -4.572572E-01 -3.866666E-02  2.066874E-03      1      0      2     14      9      7
 -4.985901E-01  3.353258E-02  2.818921E-03      1      0      2     14      9      7
 -1.039333E+00  1.437140E-01  5.412836E-05      1      0      2     14      9      7
 -5.190436E-01  7.883854E-02  4.590007E-03      1      0      2     14      9      7
 -9.828383E-01  1.156092E-01  1.119467E-04      1      0      2     14      9      7
 -5.395095E-01  4.961849E-02  2.552278E-04      1      0      2     14      9      7
 -1.271495E+00  3.121910E-01  2.675104E-04      1      0      2     14      9      7
 -4.565359E-01  1.243709E-03  6.196631E-04      1      0      2     14      9      7
 -1.196020E+00  3.141587E-01  3.397660E-03      1      0      2     14      9      7
 -1.082642E+00  1.779383E-01  1.073130E-03      1      0      2     14      9      7
 -3.957074E-01  5.417992E-02  3.221401E-03      1      0      2     14      9      7
 -4.678721E-01  1.335755E-01  1.353877E-03      1      0      2     14      9      7
 -5.530167E-01  1.050733E-01  2.369428E-03      1      0      2     14      9      7
 -1.491766E+00  3.362450E-01  4.559994E-03      1      0      2     14      9      7
 -9.005018E-01  2.808493E-02  1.559783E-05      1      0      2     14      9      7
 -6.384024E-01  1.753859E-01  4.737641E-03      1      0      2     14      9      7
 -6.582305E-01  3.851743E-02  7.771854E-04      1      0      2     14      9      7
 -5.750956E-01  2.436487E-02  3.243260E-04      1      0      2     14      9      7
 -1.084012E+00  1.631647E-01  4.019249E-05      1      0      2     14      9      7
 -5.425624E-01 -1.561212E-02  7.740454E-04      1      0      2     14      9      7
 -1.072355E+00  2.508335E-01  6.660003E-04      1      0      2     14      9      7
 -9.026749E-01  2.676838E-01  9.164227E-04      1      0      2     14      9      7
 -3.837942E-01  5.532702E-02  3.099269E-04      1      0      2     14      9      7
 -9.354428E-01  2.121148E-01  6.836088E-04      1      0      2     14      9      7
 -6.961981E-01  5.124954E-02  1.507201E-03      1      0      2     14      9      7
 -7.302224E-01 -1.104787E-01  1.827988E-04      1      0      2     14      9      7
 -1.023358E+00  2.047301E-01  6.955271E-04      1      0      2     14      9      7
 -1.444186E+00  2.799409E-01  4.509164E-05      1      0      2     14      9      7
 -1.816401E+00  4.278191E-01  4.290229E-03      1      0      2     14      9      7
 -2.863666E-01  7.103139E-02  4.185272E-03      1      0      2     14      9      7
 -7.207258E-01  2.075006E-01  2.230121E-03      1      0      2     14      9      7
 -7.703922E-01  9.611254E-02  2.339762E-04      1      0      2     14      9      7
 -7.305100E-01 -9.867210E-02  1.124654E-04      1      0      2     14      9      7
 -5.108513E-01  4.831069E-02  7.029695E-04      1      0      2     14      9      7
 -3.514917E-01  4.189583E-02  6.578466E-04      1      0      2     14      9      7
 -4.174596E-01  3.846592E-02  1.055643E-03      1      0      2     14      9      7
 -5.155336E-01  8.265187E-02  3.321848E-03      1      0      2     14      9      7
 -7.932468E-01  1.758131E-01  3.948988E-03      1      0      2     14      9      7
 -7.740200E-01  1.197594E-01  4.490948E-03      1      0      2     14      9      7
 -2.478111E-01 -9.356758E-02  3.456817E-03      1      0      2     14      9      7
 -6.385736E-01  8.006793E-03  3.746534E-04      1      0      2     14      9      7
 -7.871840E-01 -1.363768E-01  7.828583E-05      1      0      2     14      9      7
 -6.008501E-01  8.942746E-04  2.782663E-04      1      0      2     14      9      7
 -7.971981E-01  9.187203E-02  3.889310E-03      1      0      2     14      9      7
 -8.626792E-01  1.579906E-01  2.003552E-03      1      0      2     14      9      7
 -1.067340E+00  2.607094E-01  4.409585E-03      1      0      2     14      9      7
 -4.710819E-01  1.127742E-01  4.382868E-04      1      0      2     14      9      7
 -4.872675E-01  3.999828E-02  1.858347E-03      1      0      2     14      9      7
 -2.325685E-01  4.940288E-02  2.342017E-04      1      0      2     14      9      7
 -1.044117E+00  6.950808E-02  9.450300E-05      1      0      2     14      9      7
 -8.705766E-01  1.928048E-04  8.133045E-05      1      0      2     14      9      7
 -9.535649E-01  2.212683E-01  1.020998E-03      1      0      2     14      9      7
 -7.464558E-01  1.317937E-01  2.902020E-04      1      0      2     14      9      7
 -3.996031E+00  2.868101E-01  2.941053E-04      1      0      2     14      9      7
 -9.049963E-01  1.887765E-01  1.288630E-03      1      0      2     14      9      7
 -1.089386E+00  1.348578E-01  7.813490E-04      1      0      2     14      9      7
 -7.237711E-01 -4.212654E-03  8.448610E-05      1      0      2     14      9      7
 -3.426589E-01  1.913666E-02  1.393344E-03      1      0      2     14      9      7
 -9.357164E-01  8.980836E-02  3.903015E-04      1      0      2     14      9      7
 -4.006437E-01  1.161082E-02  4.290923E-04      1      0      2     14      9      7
 -1.034255E+00  1.314157E-01  3.574959E-05      1      0      2     14      9      7
 -1.081277E+00  2.079055E-01  1.340536E-04      1      0      2     14      9      7
 -1.208615E+00  1.466941E-01  9.388019E-05      1      0      2     14      9      7
 -6.766079E-01  8.577968E-02  4.037985E-04      1      0      2     14      9      7
 -9.141775E-01  1.654262E-01  8.147791E-04      1      0      2     14      9      7
 -5.693854E-01  1.510749E-01  4.693403E-03      1      0      2     14      9      7
 -8.845129E-01  1.751036E-01  1.380316E-04      1      0      2     14      9      7
 -1.265034E+00  3.435232E-01  2.382265E-05      1      0      2     14      9      7
 -7.209519E-01  1.763890E-01  3.956795E-05      1      0      2     14      9      7
 -9.470315E-01  1.103112E-01  1.618768E-04      1      0      2     14      9      7
 -3.276714E-01 -5.957973E-02  1.778372E-03      1      0      2     14      9      7
 -1.144017E+00  4.909606E-02  7.481444E-05      1      0      2     14      9      7
 -6.532496E-01  1.704996E-01  8.584968E-05      1      0      2     14      9      7
 -1.230027E+00  2.466538E-01  8.406281E-04      1      0      2     14      9      7
 -2.741254E-01  1.162195E-02  1.399347E-04      1      0      2     14      9      7
 -7.124220E-01  2.686222E-02  2.675278E-03      1      0      2     14      9      7
 -8.366481E-01  2.537581E-01  1.009739E-03      1      0      2     14      9      7
 -8.129914E-01  4.473406E-03  2.464496E-04      1      0      2     14      9      7
 -1.160687E+00  1.258411E-01  6.511675E-05      1      0      2     14      9      7
 -1.256145E+00  2.137487E-01  3.960091E-05      1      0      2     14      9      7
 -7.553879E-01  8.779453E-02  8.225338E-04      1      0      2     14      9      7
 -2.761426E-01  1.597051E-02  1.370791E-03      1      0      2     14      9      7
 -4.451792E-01 -4.414981E-02  1.125088E-03      1      0      2     14      9      7
 -1.119355E+00  2.025340E-01  1.680631E-04      1      0      2     14      9      7
 -4.426436E-01  1.012190E-01  9.340485E-04      1      0      2     14      9      7
 -1.112650E+00  1.982857E-01  9.954267E-05      1      0      2     14      9      7
 -9.034525E-01  2.148772E-01  1.499238E-03      1      0      2     14      9      7
 -3.504851E-01  2.734556E-02  2.794807E-03      1      0      2     14      9      7
 -6.464567E-01  9.951639E-02  2.939145E-03      1      0      2     14      9      7
 -8.592717E-01  2.989450E-01  3.395058E-03      1      0      2     14      9      7
 -1.420231E+00  2.489835E-01  4.051169E-05      1      0      2     14      9      7
 -8.506630E-01  9.624321E-02  7.119039E-05      1      0      2     14      9      7
 -4.397107E-01 -9.446700E-03  3.283855E-03      1      0      2     14      9      7
 -7.758946E-01  2.103531E-01  6.388850E-04      1      0      2     14      9      7
 -3.469368E-01  1.967570E-02  3.483187E-03      1      0      2     14      9      7
 -8.630285E-01  2.077479E-01  6.724365E-05      1      0      2     14      9      7
 -7.188806E-01  6.852901E-02  8.249799E-04      1      0      2     14      9      7
 -3.670331E-01 -2.821386E-02  4.063313E-03      1      0      2     14      9      7
 -1.087832E+00  2.083594E-01  1.220347E-04      1      0      2     14      9      7
 -7.807882E-01  7.869924E-02  1.053648E-03      1      0      2     14      9      7
 -8.570186E-01  1.627290E-01  8.066601E-05      1      0      2     14      9      7
 -8.265815E-01  1.452692E-01  1.737430E-03      1      0      2     14      9      7
 -1.350015E+00  2.884480E-01  1.512180E-05      1      0      2     14      9      7
 -9.003720E-01  1.562508E-01  9.349159E-05      1      0      2     14      9      7
 -5.598376E-01  9.942888E-02  2.998996E-04      1      0      2     14      9      7
 -2.644252E-01 -1.815939E-02  1.153886E-03      1      0      2     14      9      7
 -8.692735E-01  1.810294E-01  2.079538E-04      1      0      2     14      9      7
 -5.843761E-01  3.775128E-03  5.960000E-04      1      0      2     14      9      7
 -4.515103E-01  4.467759E-02  8.027047E-04      1      0      2     14      9      7
 -1.160491E+00  2.106930E-01  6.295863E-05      1      0      2     14      9      7
 -8.240944E-01  2.511818E-01  6.161587E-04      1      0      2     14      9      7
 -8.086781E-01  1.626592E-01  1.461211E-03      1      0      2     14      9      7
 -1.467607E+00  3.430948E-01  3.374240E-05      1      0      2     14      9      7
 -5.795452E-01 -9.933451E-03  3.985593E-03      1      0      2     14      9      7
 -4.115085E-01  3.075162E-03  1.398340E-03      1      0      2     14      9      7
 -6.448612E-01  9.565798E-02  1.817405E-03      1      0      2     14      9      7
 -3.366120E-01 -5.911297E-03  2.403604E-03      1      0      2     14      9      7
 -5.507188E-01  6.392624E-02  4.033127E-03      1      0      2     14      9      7
 -3.229222E-01  7.723895E-05  1.425803E-04      1      0      2     14      9      7
 -3.228390E-01  8.139002E-02  1.648208E-03      1      0      2     14      9      7
 -1.067340E+00  2.607094E-01  4.409585E-03      1      0      2     14      9      7
 -1.501213E+00  2.917885E-01  3.806732E-03      1      0      2     14      9      7
 -8.461341E-01  8.914454E-02  1.010242E-03      1      0      2     14      9      7
 -1.277271E+00  2.547214E-01  4.236449E-03      1      0      2     14      9      7
 -3.981382E-01  2.498394E-02  2.044147E-03      1      0      2     14      9      7
 -3.728282E-01 -3.634034E-02  3.047919E-04      1      0      2     14      9      7
 -4.542057E-01  5.284080E-02  1.128054E-03      1      0      2     14      9      7
 -1.004785E+00  2.070408E-01  1.115008E-05      1      0      2     14      9      7
 -6.020533E-01  1.300325E-01  2.008236E-03      1      0      2     14      9      7
 -6.022137E-01  1.115084E-01  1.552029E-03      1      0      2     14      9      7
 -7.677433E-01  1.326975E-01  1.944048E-04      1      0      2     14      9      7
 -1.086856E+00  2.725696E-01  5.166143E-05      1      0      2     14      9      7
 -9.067080E-01  8.046455E-02  6.042752E-06      1      0      2     14      9      7
 -8.396917E-01  1.536311E-01  6.878938E-04      1      0      2     14      9      7
 -8.174219E-01  1.121603E-01  2.114061E-04      1      0      2     14      9      7
 -2.717847E-01  6.976254E-02  2.005634E-03      1      0      2     14      9      7
 -6.062818E-01  2.896812E-02  1.623087E-04      1      0      2     14      9      7
 -5.308880E-01  1.103605E-01  8.469255E-04      1      0      2     14      9      7
 -1.225333E+00  3.116751E-01  8.223256E-04      1      0      2     14      9      7
 -6.394592E-01  1.307778E-01  4.401258E-04      1      0      2     14      9      7
 -9.123393E-01 -2.787357E-02  1.124706E-05      1      0      2     14      9      7
 -7.912406E-01  1.025279E-01  2.908438E-05      1      0      2     14      9      7
 -9.140449E-01 -5.537505E-02  2.176862E-05      1      0      2     14      9      7
 -8.311043E-01  2.243663E-01  2.199067E-03      1      0      2     14      9      7
 -3.130338E-01 -4.621444E-02  8.818302E-04      1      0      2     14      9      7
 -8.371174E-01  4.568508E-02  4.375582E-03      1      0      2     14      9      7
 -7.378026E-01 -7.681712E-02  2.308188E-04      1      0      2     14      9      7
 -1.303231E+00  2.391734E-01  2.714658E-05      1      0      2     14      9      7
 -1.039099E+00  1.307963E-01  7.744790E-05      1      0      2     14      9      7
 -7.606479E-01  1.325856E-01  3.227994E-04      1      0      2     14      9      7
 -1.945804E-01 -2.593663E-02  2.592700E-03      1      0      2     14      9      7
 -8.678117E-01  1.403303E-01  5.035858E-04      1      0      2     14      9      7
 -9.515883E-01  1.285366E-01  2.674757E-05      1      0      2     14      9      7
 -2.059481E+00  2.903249E-01  1.139799E-04      1      0      2     14      9      7
 -8.445306E-01  1.647517E-01  2.496590E-03      1      0      2     14      9      7
 -3.067845E-01  1.475210E-02  1.216669E-03      1      0      2     14      9      7
 -7.577269E-01  1.252964E-01  2.358498E-03      1      0      2     14      9      7
 -6.758005E-01  1.638024E-01  1.549531E-04      1      0      2     14      9      7
 -3.893767E-01  7.736416E-02  2.119959E-04      1      0      2     14      9      7
 -9.677320E-01  1.119885E-01  2.021942E-04      1      0      2     14      9      7
 -6.485541E-01  1.694486E-01  4.734171E-03      1      0      2     14      9      7
 -6.463146E-01 -1.968408E-02  2.540828E-04      1      0      2     14      9      7
 -2.948014E-01  2.100101E-02  8.282761E-04      1      0      2     14      9      7
 -6.501134E-01  4.607411E-02  3.629259E-05      1      0      2     14      9      7
 -9.476852E-01  1.535881E-01  8.002760E-05      1      0      2     14      9      7
 -3.308666E-01 -6.555031E-03  4.738161E-03      1      0      2     14      9      7
 -8.496820E-01  1.554939E-01  1.474430E-03      1      0      2     14      9      7
 -4.952550E-01  4.206199E-02  1.719995E-04      1      0      2     14      9      7
 -4.767682E-01  1.217250E-01  4.723589E-03      1      0      2     14      9      7
 -8.322983E-01  1.813257E-01  2.492947E-03      1      0      2     14      9      7
 -7.766754E-01 -3.509388E-03  3.956795E-05      1      0      2     14      9      7
 -8.937827E-01  2.706285E-02  1.097348E-05      1      0      2     14      9      7
 -4.095575E-01  1.224120E-02  1.551231E-03      1      0      2     14      9      7
 -6.899807E-01 -4.195087E-02  1.024659E-04      1      0      2     14      9      7
 -9.233009E-01 -2.290639E-02  2.629825E-05      1      0      2     14      9      7
 -9.341950E-01  1.685489E-01  5.327135E-05      1      0      2     14      9      7
 -4.999819E-01  5.574074E-02  4.616723E-03      1      0      2     14      9      7
 -9.693646E-01  2.190495E-01  2.097407E-04      1      0      2     14      9      7
 -4.542057E-01  5.284080E-02  1.128054E-03      1      0      2     14      9      7
 -3.832447E-01  4.086829E-03  2.994486E-03      1      0      2     14      9      7
 -1.168972E+00  2.526258E-01  1.630512E-03      1      0      2     14      9      7
 -7.695218E-01  1.012496E-01  3.018253E-04      1      0      2     14      9      7
 -1.072569E+00  1.972777E-01  9.454810E-04      1      0      2     14      9      7
 -7.760767E-01  1.549480E-01  2.870099E-04      1      0      2     14      9      7
 -1.207573E+00  2.021832E-01  1.188600E-05      1      0      2     14      9      7
 -3.552946E-01  6.362152E-02  4.709536E-03      1      0      2     14      9      7
 -8.254008E-01 -8.935029E-02  9.364252E-05      1      0      2     14      9      7
 -7.328713E-01  1.431206E-01  2.313393E-03      1      0      2     14      9      7
 -8.629324E-01  2.075269E-01  7.685633E-05      1      0      2     14      9      7
 -3.919544E-01 -1.529390E-02  3.238576E-04      1      0      2     14      9      7
 -8.956178E-01  8.114635E-02  6.017076E-04      1      0      2     14      9      7
 -6.635053E-01 -2.063099E-02  6.152219E-04      1      0      2     14      9      7
 -6.492797E-01 -8.363679E-04  2.208262E-03      1      0      2     14      9      7
 -6.397779E-01  4.725943E-02  2.632080E-04      1      0      2     14      9      7
 -3.907444E+00  2.498108E-01  1.174305E-03      1      0      2     14      9      7
 -9.134792E-01  1.809652E-01  4.318853E-05      1      0      2     14      9      7
 -4.769540E-01  5.222662E-02  1.468965E-04      1      0      2     14      9      7
 -9.893487E-01 -3.865482E-02  1.223452E-05      1      0      2     14      9      7
 -1.008356E+00  2.756049E-01  5.988104E-04      1      0      2     14      9      7
 -1.241446E+00  3.490046E-01  2.262215E-04      1      0      2     14      9      7
 -7.892858E-01  1.792955E-01  4.067650E-03      1      0      2     14      9      7
 -4.899983E-01  5.933417E-02  1.615020E-03      1      0      2     14      9      7
 -3.982431E-01 -1.098246E-02  2.891958E-03      1      0      2     14      9      7
 -6.252627E-01  1.384119E-01  1.667603E-03      1      0      2     14      9      7
 -1.391184E+00  1.742650E-01  1.802312E-04      1      0      2     14      9      7
 -2.746279E-01 -5.829854E-02  3.323236E-03      1      0      2     14      9      7
 -4.724446E-01  7.489000E-04  1.338714E-03      1      0      2     14      9      7
 -6.991900E-01  1.923768E-01  1.748880E-03      1      0      2     14      9      7
 -4.185511E-01  5.431486E-02  1.532113E-04      1      0      2     14      9      7
 -4.118457E-01  1.287903E-01  2.302984E-04      1      0      2     14      9      7
 -3.680611E-01  1.238184E-01  1.236360E-03      1      0      2     14      9      7
 -6.399087E-01  1.999939E-02  1.652094E-04      1      0      2     14      9      7
 -3.535516E-01  2.817966E-02  3.498453E-03      1      0      2     14      9      7
 -2.634004E+00  3.965159E-01  5.038286E-04      1      0      2     14      9      7
 -1.009757E+00  7.918410E-02  7.758149E-05      1      0      2     14      9      7
 -1.033442E+00  8.475281E-02  3.631862E-05      1      0      2     14      9      7
 -1.020339E+00  1.163173E-01  1.315103E-05      1      0      2     14      9      7
 -9.277055E-01  9.956881E-02  8.816914E-05      1      0      2     14      9      7
 -1.029157E+00  8.637115E-02  4.306363E-05      1      0      2     14      9      7
 -3.866729E-01  2.192914E-02  1.455919E-03      1      0      2     14      9      7
 -5.247208E-01  2.495723E-02  1.645397E-04      1      0      2     14      9      7
 -5.460327E-01 -9.647812E-02  1.649370E-04      1      0      2     14      9      7
 -6.079680E-01 -2.397399E-02  3.194685E-04      1      0      2     14      9      7
 -1.171558E+00  2.620648E-01  3.588664E-04      1      0      2     14      9      7
 -8.277017E-01  1.973995E-01  1.792077E-04      1      0      2     14      9      7
 -8.166990E-01  9.891553E-02  6.138167E-04      1      0      2     14      9      7
 -4.930858E-01  5.839536E-02  1.871185E-03      1      0      2     14      9      7
 -5.717334E-01 -4.908449E-02  8.165139E-04      1      0      2     14      9      7
 -2.433749E-01  8.002209E-02  8.242860E-04      1      0      2     14      9      7
 -5.510596E-01 -2.497679E-02  1.078751E-04      1      0      2     14      9      7
 -3.404061E-01  4.376483E-02  4.282595E-04      1      0      2     14      9      7
 -5.763438E-01  1.372451E-01  5.365995E-04      1      0      2     14      9      7
 -7.592723E-01 -7.537886E-02  6.042231E-05      1      0      2     14      9      7
 -6.446053E-01  6.951758E-02  5.434521E-04      1      0      2     14      9      7
 -8.702347E-01  1.683235E-02  9.306656E-05      1      0      2     14      9      7
 -6.552301E-01  6.502808E-02  2.915031E-03      1      0      2     14      9      7
 -9.726866E-01  2.094846E-01  1.528400E-04      1      0      2     14      9      7
 -3.661865E-01  9.512555E-03  4.442373E-04      1      0      2     14      9      7
 -1.249542E+00  2.406943E-01  6.861937E-04      1      0      2     14      9      7
 -5.563285E-01  9.569825E-02  3.082268E-03      1      0      2     14      9      7
 -4.522274E-01  6.856602E-02  3.842643E-03      1      0      2     14      9      7
 -8.085449E-01  8.818225E-02  3.533323E-04      1      0      2     14      9      7
 -2.769660E-01 -2.435148E-02  6.803820E-04      1      0      2     14      9      7
 -6.571126E-01 -1.387076E-01  3.198849E-05      1      0      2     14      9      7
 -4.724023E-01  4.270759E-02  1.129113E-03      1      0      2     14      9      7
 -8.042400E-01 -3.910446E-02  3.329308E-05      1      0      2     14      9      7
 -3.181304E-01  2.058659E-02  4.061578E-04      1      0      2     14      9      7
 -3.589977E-01  3.926497E-02  4.777889E-04      1      0      2     14      9      7
 -1.357123E+00  3.095327E-01  1.151318E-04      1      0      2     14      9      7
 -3.559596E-01 -4.331640E-02  1.223348E-03      1      0      2     14      9      7
 -7.784926E-01  2.622459E-02  6.839037E-05      1      0      2     14      9      7
 -1.885861E+00  4.073271E-01  9.459494E-04      1      0      2     14      9      7
 -1.085705E+00  1.351756E-01  1.843428E-05      1      0      2     14      9      7
 -4.100710E-01  3.223252E-02  3.884105E-03      1      0      2     14      9      7
 -4.143728E-01  7.641834E-02  6.980079E-04      1      0      2     14      9      7
 -6.782277E-01  7.807198E-02  3.252628E-05      1      0      2     14      9      7
 -7.823346E-01 -7.312372E-02  1.540666E-04      1      0      2     14      9      7
 -1.012304E+00  2.079341E-01  3.758504E-04      1      0      2     14      9      7
 -3.777235E-01  5.404070E-02  1.596440E-03      1      0      2     14      9      7
 -1.106993E+00  2.568221E-01  4.796451E-06      1      0      2     14      9      7
 -9.407980E-01  6.973075E-02  3.670722E-05      1      0      2     14      9      7
 -1.391244E+00  8.929251E-02  2.937931E-06      1      1      2     14      7      1
 -1.298276E+00  8.873402E-02  1.556609E-06      1      1      2     14      7      1
 -1.101828E+00 -4.673449E-02  1.784964E-05      1      1      2     14      7      1
 -1.050625E+00 -2.401548E-02  2.156911E-05      1      1      2     14      7      1
 -1.165847E+00  1.225010E-01  4.611865E-05      1      1      2     14      7      1
 -1.333106E+00  9.218987E-02  1.666354E-07      1      1      2     14      7      1
 -1.070549E+00  1.018533E-01  4.639796E-05      1      1      2     14      7      1
 -1.201209E+00  1.855815E-01  1.300583E-06      1      1      2     14      7      1
 -1.840369E+00  3.074376E-01  9.729780E-06      1      1      2     14      7      1
 -1.273452E+00  3.120333E-01  1.159923E-05      1      1      2     14      7      1
 -1.191011E+00  1.502389E-01  5.809070E-06      1      1      2     14      7      1
 -1.294882E+00  2.177231E-01  2.467272E-05      1      1      2     14      7      1
 -1.655167E+00  1.962401E-01  2.352773E-06      1      1      2     14      7      1
 -1.214915E+00  1.445968E-01  1.467335E-05      1      1      2     14      7      1
 -1.280227E+00  3.926768E-02  3.033172E-06      1      1      2     14      7      1
 -1.709010E+00  2.487695E-01  7.367119E-08      1      1      2     14      7      1
 -1.433590E+00  2.280777E-01  2.429453E-05      1      1      2     14      7      1
 -1.355469E+00  7.899552E-03  2.081793E-06      1      1      2     14      7      1
 -1.275855E+00  8.905113E-02  3.235627E-05      1      1      2     14      7      1
 -1.425706E+00  1.359962E-01  1.718017E-06      1      1      2     14      7      1
 -1.208301E+00  1.189664E-01  1.635595E-05      1      1      2     14      7      1
 -2.057579E+00  3.860815E-01  7.366945E-06      1      1      2     14      7      1
 -1.265487E+00  1.956718E-01  1.131975E-05      1      1      2     14      7      1
 -1.497657E+00  2.459359E-01  6.034077E-06      1      1      2     14      7      1
 -1.353615E+00  9.777080E-02  1.407760E-05      1      1      2     14      7      1
 -1.455250E+00  2.346701E-01  7.533489E-07      1      1      2     14      7      1
 -1.172439E+00 -4.594698E-02  2.881375E-05      1      1      2     14      7      1
 -1.372951E+00  2.520555E-01  1.407674E-06      1      1      2     14      7      1
 -1.438291E+00  1.629431E-01  2.972801E-05      1      1      2     14      7      1
 -1.800881E+00  1.798287E-01  5.826765E-08      1      1      2     14      7      1
 -1.488279E+00  1.500962E-01  2.415053E-07      1      1      2     14      7      1
 -1.121079E+00  1.250247E-01  3.463063E-05      1      1      2     14      7      1
 -1.540551E+00  1.944207E-01  5.311001E-06      1      1      2     14      7      1
 -1.142646E+00  4.913414E-02  1.701727E-05      1      1      2     14      7      1
 -1.205450E+00 -1.899160E-02  1.890962E-05      1      1      2     14      7      1
 -1.341999E+00  2.027350E-01  1.517540E-05      1      1      2     14      7      1
 -1.275465E+00  2.808364E-01  1.763626E-05      1      1      2     14      7      1
 -1.192413E+00  1.863431E-01  4.238878E-05      1      1      2     14      7      1
 -2.807045E+00  5.065679E-01  1.427728E-06      1      1      2     14      7      1
 -1.549486E+00  2.705512E-01  2.400307E-06      1      1      2     14      7      1
 -1.260548E+00  7.734969E-02  5.903445E-06      1      1      2     14      7      1
 -1.394687E+00  1.157958E-01  6.312343E-06      1      1      2     14      7      1
 -1.489085E+00  2.031636E-01  1.493964E-05      1      1      2     14      7      1
 -1.221597E+00  1.467740E-01  2.556269E-06      1      1      2     14      7      1
 -1.582175E+00  2.153976E-01  7.157378E-06      1      1      2     14      7      1
 -1.211909E+00  1.931117E-01  1.345654E-05      1      1      2     14      7      1
 -1.492988E+00  3.018249E-01  1.106716E-05      1      1      2     14      7      1
 -1.068563E+00  1.828657E-01  6.370287E-05      1      1      2     14      7      1
 -1.170334E+00 -6.849194E-02  1.565474E-05      1      1      2     14      7      1
 -1.321526E+00  3.805788E-02  9.242120E-07      1      1      2     14      7      1
 -2.053986E+00  1.891723E-01  2.664695E-08      1      1      2     14      7      1
 -1.280563E+00  1.044081E-01  6.312864E-05      1      1      2     14      7      1
 -1.674084E+00  4.038805E-01  4.364306E-07      1      1      2     14      7      1
 -1.631644E+00  2.117842E-01  6.065651E-07      1      1      2     14      7      1
 -1.262977E+00  1.028303E-01  7.695522E-06      1      1      2     14      7      1
 -1.855700E+00  3.417281E-01  1.255703E-05      1      1      2     14      7      1
 -1.209442E+00 -7.119282E-02  6.537871E-06      1      1      2     14      7      1
