 -1.033024E+00 -1.567325E-01  1.138705E-04      0      0      0      2      9      7
 -1.067640E+00  6.971429E-02  1.850173E-04      0      0      0      2      9      7
 -1.176415E+00  1.327623E-01  1.339236E-04      0      0      0      2      9      7
 -1.024789E+00 -3.447255E-02  1.839058E-04      0      0      0      2      9      7
 -1.254238E+00  1.265379E-01  4.964706E-05      0      0      0      2      9      7
 -1.074647E+00  9.946477E-03  5.896728E-06      0      0      0      2      9      7
 -1.271388E+00  3.318387E-02  6.474522E-06      0      0      0      2      9      7
 -1.259835E+00  4.555736E-02  1.830446E-04      0      0      0      2      9      7
 -1.188081E+00 -9.266090E-04  1.840755E-04      0      0      0      2      9      7
 -1.276602E+00  8.995962E-02  4.460302E-05      0      0      0      2      9      7
 -1.048988E+00 -3.126738E-02  5.379173E-05      0      0      0      2      9      7
 -1.082228E+00  1.447838E-01  1.137475E-04      0      0      0      2      9      7
 -1.044198E+00  2.188242E-02  1.546427E-04      0      0      0      2      9      7
 -1.197550E+00 -4.889120E-03  1.870578E-04      0      0      0      2      9      7
 -9.763588E-01 -9.770454E-03  3.992721E-05      0      0      0      2      9      7
 -9.668661E-01 -2.403300E-02  1.802278E-05      0      0      0      2      9      7
 -1.055721E+00 -7.314043E-02  9.847959E-05      0      0      0      2      9      7
 -1.033934E+00 -1.610849E-01  6.416828E-05      0      0      0      2      9      7
 -1.013300E+00 -2.942399E-02  1.196187E-04      0      0      0      2      9      7
 -9.653910E-01 -4.183717E-02  1.832058E-04      0      0      0      2      9      7
 -1.181659E+00 -1.971402E-02  1.656768E-05      0      1      0      2      7      1
 -1.524316E+00  1.314164E-01  2.329632E-05      0      1      0      2      7      1
 -1.430313E+00  2.186305E-02  2.730058E-06      0      1      0      2      7      1
 -1.491955E+00  1.133197E-01  7.473996E-06      0      1      0      2      7      1
 -1.181115E+00 -1.221996E-01  4.233978E-05      0      1      0      2      7      1
 -6.901267E-01 -7.926908E-02  2.596554E-04      1      0      2     14      9      7
 -1.587505E+00  2.594309E-01  6.961957E-04      1      0      2     14      9      7
 -7.770648E-01  1.332860E-01  6.074054E-04      1      0      2     14      9      7
 -9.379552E-01  2.020976E-01  1.456195E-04      1      0      2     14      9      7
 -1.045244E+00  2.113159E-01  1.176079E-04      1      0      2     14      9      7
 -1.065329E+00  1.591670E-01  4.741139E-05      1      0      2     14      9      7
 -6.494850E-01 -6.113677E-02  2.958757E-05      1      0      2     14      9      7
 -7.928590E-01  1.029145E-01  4.792894E-03      1      0      2     14      9      7
 -6.121522E-01 -1.439815E-02  3.249097E-04      1      0      2     14      9      7
 -1.347309E+00  2.680292E-01  1.338345E-03      1      0      2     14      9      7
 -7.533375E-01  1.409201E-01  3.954923E-03      1      0      2     14      9      7
 -6.937698E-01  8.705953E-02  1.592710E-03      1      0      2     14      9      7
 -7.608157E-01  4.573980E-02  1.809150E-04      1      0      2     14      9      7
 -6.580523E-01 -1.285974E-01  5.379597E-04      1      0      2     14      9      7
 -8.565593E-01  6.524884E-02  6.929291E-04      1      0      2     14      9      7
 -6.670620E-01  2.620113E-01  1.943078E-03      1      0      2     14      9      7
 -8.674028E-01 -2.623726E-03  4.122916E-04      1      0      2     14      9      7
 -2.049516E+00  3.710702E-01  8.560012E-04      1      0      2     14      9      7
 -1.703024E+00  3.329228E-01  1.002232E-03      1      0      2     14      9      7
 -7.115882E-01 -3.226075E-03  5.669343E-04      1      0      2     14      9      7
 -9.314866E-01  1.516684E-01  1.377247E-04      1      0      2     14      9      7
 -9.442490E-01  2.985298E-02  1.691258E-04      1      0      2     14      9      7
 -1.280545E+00  2.583781E-01  2.172244E-04      1      0      2     14      9      7
 -8.330466E-01  2.345727E-01  7.516419E-03      1      0      2     14      9      7
 -8.533257E-01  5.246255E-02  4.459029E-04      1      0      2     14      9      7
 -5.959587E-01  8.117752E-02  5.730856E-04      1      0      2     14      9      7
 -8.147233E-01  1.601049E-01  4.633810E-03      1      0      2     14      9      7
 -8.688538E-01  8.214624E-02  9.052538E-04      1      0      2     14      9      7
 -6.603372E-01 -1.262669E-01  1.578499E-04      1      0      2     14      9      7
 -2.001815E+00  3.564445E-01  3.844412E-04      1      0      2     14      9      7
 -1.293507E+00  2.403526E-01  1.311110E-04      1      0      2     14      9      7
 -1.271889E+00  1.809528E-01  8.593526E-05      1      0      2     14      9      7
 -1.125995E+00  2.948206E-01  3.205868E-04      1      0      2     14      9      7
 -1.463763E+00  3.604205E-01  6.525005E-05      1      0      2     14      9      7
 -9.654319E-01  2.155043E-01  3.025276E-04      1      0      2     14      9      7
 -8.040908E-01 -4.102330E-02  4.405577E-04      1      0      2     14      9      7
 -8.844217E-01  9.386757E-02  6.979350E-04      1      0      2     14      9      7
 -9.698246E-01  3.596964E-02  2.079509E-04      1      0      2     14      9      7
 -1.322517E+00  3.449570E-01  2.447906E-04      1      0      2     14      9      7
 -1.745082E+00  3.205465E-01  9.690148E-04      1      0      2     14      9      7
 -1.152436E+00  1.960439E-01  7.897797E-06      1      0      2     14      9      7
 -7.163865E-01 -3.808976E-02  6.380769E-04      1      0      2     14      9      7
 -9.012655E-01  3.675524E-02  7.440907E-04      1      0      2     14      9      7
 -8.939081E-01  2.303691E-01  6.203018E-03      1      0      2     14      9      7
 -1.351328E+00  2.854064E-01  3.716042E-05      1      0      2     14      9      7
 -8.240508E-01  1.183259E-01  1.462982E-04      1      0      2     14      9      7
 -1.202312E+00  1.775916E-01  1.070447E-03      1      0      2     14      9      7
 -1.056708E+00  4.222235E-02  6.210654E-06      1      0      2     14      9      7
 -1.098236E+00  2.853907E-01  5.471654E-04      1      0      2     14      9      7
 -1.080710E+00  2.061619E-01  1.183545E-04      1      0      2     14      9      7
 -1.099629E+00  6.235704E-02  1.854966E-04      1      0      2     14      9      7
 -7.170668E-01  9.054866E-02  4.609205E-03      1      0      2     14      9      7
 -6.473355E-01 -9.257559E-02  4.544298E-04      1      0      2     14      9      7
 -1.249780E+00  3.375706E-01  3.399230E-04      1      0      2     14      9      7
 -7.869858E-01  1.063033E-01  6.704028E-04      1      0      2     14      9      7
 -8.259783E-01 -6.498506E-02  9.542517E-05      1      0      2     14      9      7
 -9.561009E-01  1.863388E-01  1.240349E-04      1      0      2     14      9      7
 -1.120902E+00  2.098447E-01  6.280227E-04      1      0      2     14      9      7
 -6.837080E-01 -3.797746E-02  8.406867E-05      1      0      2     14      9      7
 -8.090559E-01  1.568914E-01  1.284129E-04      1      0      2     14      9      7
 -1.104168E+00  6.262964E-02  9.237924E-05      1      0      2     14      9      7
 -9.309196E-01  1.219198E-01  6.016783E-04      1      0      2     14      9      7
 -7.023820E-01 -1.571124E-01  4.248189E-04      1      0      2     14      9      7
 -9.706579E-01  1.063497E-01  9.549730E-05      1      0      2     14      9      7
 -9.726637E-01  7.114571E-02  8.897271E-04      1      0      2     14      9      7
 -7.044348E-01  9.245408E-02  4.351700E-04      1      0      2     14      9      7
 -1.104158E+00  1.156914E-01  4.489573E-04      1      0      2     14      9      7
 -6.649313E-01 -1.140758E-01  5.789823E-04      1      0      2     14      9      7
 -6.813033E-01  1.867955E-02  4.587145E-05      1      0      2     14      9      7
 -6.923213E-01  2.069122E-01  6.556822E-03      1      0      2     14      9      7
 -1.280081E+00  3.191891E-01  6.113507E-05      1      0      2     14      9      7
 -7.829061E-01  2.222691E-02  6.520763E-04      1      0      2     14      9      7
 -8.054153E-01  2.807515E-01  4.722473E-04      1      0      2     14      9      7
 -7.577589E-01  7.653342E-02  5.442383E-04      1      0      2     14      9      7
 -1.115770E+00  2.412866E-01  6.128779E-05      1      0      2     14      9      7
 -1.157385E+00  1.891306E-01  8.221905E-04      1      0      2     14      9      7
 -6.294663E-01  5.150870E-02  1.903879E-04      1      0      2     14      9      7
 -7.099491E-01  7.560846E-02  9.341435E-04      1      0      2     14      9      7
 -1.325244E+00  2.896745E-01  7.067165E-04      1      0      2     14      9      7
 -1.430809E+00  2.414568E-01  9.904806E-05      1      0      2     14      9      7
 -6.904320E-01 -5.681749E-02  3.377722E-04      1      0      2     14      9      7
 -9.197757E-01  9.454107E-02  1.639078E-04      1      0      2     14      9      7
 -7.116985E-01 -1.045727E-02  7.873192E-04      1      0      2     14      9      7
 -8.405949E-01  1.184552E-01  9.680391E-04      1      0      2     14      9      7
 -9.908515E-01  7.578493E-02  2.042346E-04      1      0      2     14      9      7
 -8.880830E-01  2.023488E-01  4.223033E-03      1      0      2     14      9      7
 -1.071411E+00  1.043683E-01  5.093246E-04      1      0      2     14      9      7
 -1.399860E+00  3.045448E-01  6.603487E-04      1      0      2     14      9      7
 -8.567690E-01  1.370561E-01  1.362399E-04      1      0      2     14      9      7
 -8.027186E-01  8.439911E-04  2.125198E-04      1      0      2     14      9      7
 -1.308944E+00  2.152200E-01  3.085431E-05      1      0      2     14      9      7
 -1.845284E+00  3.136080E-01  6.562761E-04      1      0      2     14      9      7
 -1.199170E+00  2.975906E-01  8.481107E-04      1      0      2     14      9      7
 -7.777274E-01  2.573512E-02  3.978128E-05      1      0      2     14      9      7
 -7.805099E-01 -7.773599E-03  5.631587E-04      1      0      2     14      9      7
 -7.328180E-01 -9.105578E-02  3.146265E-04      1      0      2     14      9      7
 -1.145158E+00  1.211856E-01  1.896201E-04      1      0      2     14      9      7
 -1.718722E+00  3.536562E-01  1.916691E-05      1      0      2     14      9      7
 -1.727094E+00  2.962483E-01  3.904737E-03      1      0      2     14      9      7
 -1.086858E+00  1.970441E-01  3.296101E-04      1      0      2     14      9      7
 -7.967658E-01 -1.690775E-02  1.781745E-04      1      0      2     14      9      7
 -8.541772E-01  1.623821E-01  1.155292E-04      1      0      2     14      9      7
 -1.405350E+00  2.181494E-01  4.010878E-05      1      0      2     14      9      7
 -1.131768E+00  1.862755E-01  9.483975E-04      1      0      2     14      9      7
 -1.016575E+00  1.833326E-01  6.187322E-03      1      0      2     14      9      7
 -6.874293E-01  1.352480E-01  8.979571E-04      1      0      2     14      9      7
 -7.717877E-01  1.004320E-01  9.686330E-05      1      0      2     14      9      7
 -6.890885E-01  6.076601E-02  1.516392E-03      1      0      2     14      9      7
 -8.261940E-01  1.763268E-01  2.761238E-03      1      0      2     14      9      7
 -1.010306E+00  4.689366E-02  7.492662E-05      1      0      2     14      9      7
 -6.991534E-01  1.639314E-01  2.943273E-03      1      0      2     14      9      7
 -1.076652E+00  2.779643E-01  2.682332E-03      1      0      2     14      9      7
 -6.454010E-01 -4.618113E-02  7.137162E-04      1      0      2     14      9      7
 -1.105362E+00  9.530496E-02  2.403320E-04      1      0      2     14      9      7
 -9.833218E-01  5.847983E-03  2.593372E-04      1      0      2     14      9      7
 -7.915453E-01  7.955481E-02  2.473189E-04      1      0      2     14      9      7
 -6.943690E-01 -2.081464E-01  2.208134E-04      1      0      2     14      9      7
 -1.354874E+00  3.416673E-01  4.390729E-04      1      0      2     14      9      7
 -6.140864E-01 -3.345990E-02  2.032207E-04      1      0      2     14      9      7
 -6.807746E-01 -8.069179E-02  3.181985E-04      1      0      2     14      9      7
 -8.550712E-01  3.091950E-02  6.767662E-05      1      0      2     14      9      7
 -8.777776E-01 -1.476183E-02  4.432303E-05      1      0      2     14      9      7
 -2.002683E+00  3.874861E-01  6.172898E-04      1      0      2     14      9      7
 -1.048194E+00  1.622039E-01  5.463170E-03      1      0      2     14      9      7
 -7.264009E-01  3.731502E-03  1.727572E-04      1      0      2     14      9      7
 -6.340018E-01 -2.639472E-02  5.710069E-05      1      0      2     14      9      7
 -6.738974E-01 -1.220523E-01  6.607729E-04      1      0      2     14      9      7
 -1.273043E+00  2.350781E-01  3.942111E-04      1      0      2     14      9      7
 -8.087270E-01 -1.081207E-03  4.520542E-04      1      0      2     14      9      7
 -1.359069E+00  2.341579E-01  6.099932E-05      1      0      2     14      9      7
 -2.186304E+00  3.664227E-01  1.068199E-04      1      0      2     14      9      7
 -1.904282E+00  3.962389E-01  2.640461E-04      1      0      2     14      9      7
 -1.220827E+00  1.624866E-01  1.942272E-04      1      0      2     14      9      7
 -1.261263E+00  2.592216E-01  5.818670E-04      1      0      2     14      9      7
 -9.558719E-01  1.911966E-01  9.401675E-04      1      0      2     14      9      7
 -1.475424E+00  3.344307E-01  7.444725E-05      1      0      2     14      9      7
 -5.811359E-01 -1.673362E-03  1.109264E-04      1      0      2     14      9      7
 -8.342635E-01  8.724407E-02  3.996751E-04      1      0      2     14      9      7
 -9.707115E-01  1.473408E-01  2.771038E-04      1      0      2     14      9      7
 -9.842465E-01  2.673027E-01  1.201151E-03      1      0      2     14      9      7
 -6.610134E-01 -1.220513E-02  1.085083E-04      1      0      2     14      9      7
 -8.481879E-01  1.397001E-01  3.565569E-03      1      0      2     14      9      7
 -1.319545E+00  2.355255E-01  2.730058E-04      1      0      2     14      9      7
 -1.390398E+00  3.145807E-01  9.129747E-04      1      0      2     14      9      7
 -6.073668E-01 -9.929734E-02  3.995775E-04      1      0      2     14      9      7
 -1.163631E+00  3.200681E-01  2.030383E-05      1      0      2     14      9      7
 -5.930889E-01  2.124539E-02  1.231440E-03      1      0      2     14      9      7
 -6.393852E-01  6.511971E-02  5.398263E-04      1      0      2     14      9      7
 -9.353420E-01  1.383262E-01  4.175180E-04      1      0      2     14      9      7
 -6.976417E-01  1.673842E-01  5.467412E-03      1      0      2     14      9      7
 -1.528881E+00  3.020287E-01  6.427433E-05      1      0      2     14      9      7
 -9.250380E-01  2.288732E-01  6.426161E-03      1      0      2     14      9      7
 -7.330390E-01  3.509076E-02  7.736167E-04      1      0      2     14      9      7
 -1.961469E+00  3.742251E-01  6.435494E-05      1      0      2     14      9      7
 -1.069542E+00  1.217993E-01  7.895252E-04      1      0      2     14      9      7
 -1.514619E+00  3.094246E-01  7.176615E-03      1      0      2     14      9      7
 -7.481687E-01  6.700595E-02  1.080586E-04      1      0      2     14      9      7
 -1.258121E+00  3.109148E-01  1.327739E-04      1      0      2     14      9      7
 -6.905937E-01  1.889159E-01  2.328529E-03      1      0      2     14      9      7
 -1.981356E+00  4.169585E-01  1.335630E-03      1      0      2     14      9      7
 -1.027764E+00  1.388653E-01  7.376425E-05      1      0      2     14      9      7
 -6.818352E-01 -3.164751E-02  1.421281E-04      1      0      2     14      9      7
 -1.192549E+00  2.383643E-01  3.798129E-05      1      0      2     14      9      7
 -1.181396E+00  1.030142E-01  3.102527E-05      1      0      2     14      9      7
 -1.173808E+00  2.452327E-01  5.416081E-04      1      0      2     14      9      7
 -6.048668E-01 -1.958269E-02  6.017208E-04      1      0      2     14      9      7
 -9.307562E-01  1.554724E-01  5.362204E-04      1      0      2     14      9      7
 -8.383481E-01 -3.198606E-02  3.463712E-05      1      0      2     14      9      7
 -7.396986E-01  9.142980E-02  1.159407E-04      1      0      2     14      9      7
 -8.442941E-01  1.778142E-01  1.851191E-03      1      0      2     14      9      7
 -2.268011E+00  3.296871E-01  1.114354E-04      1      0      2     14      9      7
 -8.822066E-01  1.554970E-01  5.853457E-04      1      0      2     14      9      7
 -8.374409E-01  1.774851E-01  7.062498E-03      1      0      2     14      9      7
 -1.608677E+00  3.099402E-01  3.601840E-04      1      0      2     14      9      7
 -8.084449E-01  7.249242E-03  6.519914E-05      1      0      2     14      9      7
 -1.376747E+00  1.502399E-01  2.325432E-04      1      0      2     14      9      7
 -8.644259E-01  7.520278E-02  8.943088E-05      1      0      2     14      9      7
 -2.319398E+00  4.054625E-01  3.131459E-04      1      0      2     14      9      7
 -1.003636E+00  1.202013E-01  2.386478E-04      1      0      2     14      9      7
 -1.017321E+00  1.870524E-01  4.621083E-04      1      0      2     14      9      7
 -8.054444E-01  4.232522E-03  4.393274E-04      1      0      2     14      9      7
 -8.152688E-01  1.364269E-01  2.297730E-03      1      0      2     14      9      7
 -9.365278E-01  1.836584E-02  1.147783E-04      1      0      2     14      9      7
 -7.281245E-01  1.467005E-02  2.464153E-05      1      0      2     14      9      7
 -1.343490E+00  2.647568E-01  2.162360E-04      1      0      2     14      9      7
 -7.533375E-01  1.409201E-01  3.954923E-03      1      0      2     14      9      7
 -2.178865E+00  3.977934E-01  5.741037E-04      1      0      2     14      9      7
 -1.069072E+00  9.849228E-02  5.838185E-04      1      0      2     14      9      7
 -1.177587E+00  2.662613E-01  2.353643E-04      1      0      2     14      9      7
 -1.177189E+00  1.182478E-01  3.320621E-05      1      0      2     14      9      7
 -1.440020E+00  3.821543E-01  1.059120E-03      1      0      2     14      9      7
 -1.045589E+00  1.865887E-01  9.260408E-03      1      0      2     14      9      7
 -1.033584E+00  2.414763E-01  2.408113E-04      1      0      2     14      9      7
 -1.264703E+00  4.213725E-01  5.523410E-04      1      0      2     14      9      7
 -6.371412E-01 -1.234181E-01  3.170234E-04      1      0      2     14      9      7
 -9.535091E-01  2.431178E-01  1.827180E-03      1      0      2     14      9      7
 -8.638893E-01  2.577457E-01  1.019625E-02      1      0      2     14      9      7
 -1.232225E+00  3.500962E-01  4.280430E-04      1      0      2     14      9      7
 -7.502840E-01 -3.079069E-02  5.630739E-04      1      0      2     14      9      7
 -9.704278E-01  1.060975E-01  1.414027E-04      1      0      2     14      9      7
 -8.973147E-01  3.539150E-02  3.456543E-04      1      0      2     14      9      7
 -1.183065E+00  2.187865E-01  7.362425E-05      1      0      2     14      9      7
 -1.236542E+00  1.950185E-01  2.018335E-04      1      0      2     14      9      7
 -7.426005E-01 -1.332416E-01  7.743380E-05      1      0      2     14      9      7
 -1.027768E+00  2.268981E-01  9.178108E-03      1      0      2     14      9      7
 -2.846831E+00  6.441647E-01  3.288847E-04      1      0      2     14      9      7
 -9.011610E-01  1.075574E-01  1.506253E-04      1      0      2     14      9      7
 -9.540501E-01 -1.400435E-01  1.411609E-04      1      0      2     14      9      7
 -6.358410E-01 -7.856229E-02  2.037468E-04      1      0      2     14      9      7
 -1.105869E+00  1.419045E-01  2.971527E-05      1      0      2     14      9      7
 -8.137321E-01 -9.901161E-02  2.061819E-04      1      0      2     14      9      7
 -1.014173E+00  1.045201E-01  5.514501E-04      1      0      2     14      9      7
 -8.889884E-01  1.275261E-02  1.784842E-04      1      0      2     14      9      7
 -1.180287E+00  2.537130E-01  2.916929E-04      1      0      2     14      9      7
 -1.805085E+00  4.283187E-01  2.570889E-05      1      0      2     14      9      7
 -6.745682E-01 -6.924170E-02  5.237058E-04      1      0      2     14      9      7
 -9.721092E-01  1.368263E-01  5.202696E-04      1      0      2     14      9      7
 -9.839235E-01  8.760700E-02  4.518845E-04      1      0      2     14      9      7
 -1.029670E+00  2.101528E-01  9.185320E-04      1      0      2     14      9      7
 -7.746424E-01 -9.863546E-04  5.719402E-04      1      0      2     14      9      7
 -1.134386E+00  1.306670E-01  6.450341E-04      1      0      2     14      9      7
 -8.327677E-01  2.012793E-01  4.020508E-04      1      0      2     14      9      7
 -6.269294E-01 -6.310489E-02  7.920281E-05      1      0      2     14      9      7
 -1.054615E+00  1.668589E-01  5.762249E-05      1      0      2     14      9      7
 -7.612933E-01  1.471692E-01  1.841646E-04      1      0      2     14      9      7
 -1.153144E+00  2.069254E-01  4.882830E-04      1      0      2     14      9      7
 -1.178502E+00  2.519390E-01  9.639665E-04      1      0      2     14      9      7
 -7.663878E-01 -2.634985E-02  2.850453E-04      1      0      2     14      9      7
 -6.618400E-01 -1.080135E-01  3.177191E-04      1      0      2     14      9      7
 -6.777335E-01  3.892288E-02  1.317431E-03      1      0      2     14      9      7
 -1.412460E+00  2.786821E-01  2.636686E-04      1      0      2     14      9      7
 -7.388329E-01  1.329415E-01  6.332831E-03      1      0      2     14      9      7
 -1.071729E+00  2.324862E-01  6.620880E-04      1      0      2     14      9      7
 -1.071465E+00  1.605151E-01  1.233434E-03      1      0      2     14      9      7
 -1.273070E+00  2.061514E-01  5.339720E-03      1      0      2     14      9      7
 -8.501201E-01  1.153725E-03  5.722371E-04      1      0      2     14      9      7
 -2.045748E+00  4.238278E-01  1.576632E-03      1      0      2     14      9      7
 -9.668355E-01  1.657416E-01  6.298469E-03      1      0      2     14      9      7
 -1.006270E+00  1.693584E-01  1.311067E-03      1      0      2     14      9      7
 -6.892694E-01  1.619893E-01  5.475897E-03      1      0      2     14      9      7
 -9.312474E-01  6.458034E-02  1.221853E-04      1      0      2     14      9      7
 -6.040629E-01 -5.513902E-03  6.624698E-04      1      0      2     14      9      7
 -1.112889E+00  1.813365E-01  2.790425E-03      1      0      2     14      9      7
 -1.353422E+00  3.214716E-01  6.739663E-04      1      0      2     14      9      7
 -8.592769E-01  1.426146E-02  4.801803E-04      1      0      2     14      9      7
 -1.182727E+00  1.838950E-01  4.998643E-04      1      0      2     14      9      7
 -9.129502E-01  6.802334E-02  2.958418E-04      1      0      2     14      9      7
 -9.200363E-01  2.825015E-01  7.660655E-04      1      0      2     14      9      7
 -9.222795E-01  1.139124E-01  4.036119E-04      1      0      2     14      9      7
 -9.311867E-01  1.454495E-01  5.879759E-03      1      0      2     14      9      7
 -7.376327E-01  2.642543E-02  6.930140E-04      1      0      2     14      9      7
 -1.017475E+00  1.719436E-01  7.411211E-04      1      0      2     14      9      7
 -8.757006E-01  9.655658E-02  2.625741E-04      1      0      2     14      9      7
 -8.232273E-01  5.603884E-02  4.786955E-04      1      0      2     14      9      7
 -1.272820E+00  2.389472E-01  2.970381E-04      1      0      2     14      9      7
 -7.886713E-01  5.512672E-02  3.972782E-04      1      0      2     14      9      7
 -8.793840E-01  9.695912E-02  1.548633E-04      1      0      2     14      9      7
 -7.647452E-01  3.277489E-02  3.195093E-04      1      0      2     14      9      7
 -6.690827E-01  3.688647E-02  1.066205E-03      1      0      2     14      9      7
 -7.217861E-01  1.610424E-01  4.972341E-03      1      0      2     14      9      7
 -7.371536E-01  1.158208E-01  7.350971E-03      1      0      2     14      9      7
 -1.195660E+00  2.720832E-01  3.260254E-04      1      0      2     14      9      7
 -6.454010E-01 -4.618113E-02  7.137162E-04      1      0      2     14      9      7
 -1.910412E+00  4.107751E-01  2.080018E-04      1      0      2     14      9      7
 -7.173216E-01 -1.364042E-01  6.653969E-04      1      0      2     14      9      7
 -6.552564E-01 -6.661368E-02  6.436766E-05      1      0      2     14      9      7
 -9.457522E-01  1.310752E-01  2.550144E-04      1      0      2     14      9      7
 -7.753383E-01  6.593292E-02  8.019126E-03      1      0      2     14      9      7
 -1.285538E+00  2.395722E-01  1.160213E-03      1      0      2     14      9      7
 -1.464308E+00  2.982605E-01  6.488946E-04      1      0      2     14      9      7
 -1.033163E+00  1.995717E-01  3.506008E-05      1      0      2     14      9      7
 -1.387672E+00  2.938461E-01  1.578160E-04      1      0      2     14      9      7
 -6.995980E-01  2.809811E-02  8.346627E-04      1      0      2     14      9      7
 -1.285700E+00  2.916130E-01  1.655071E-03      1      0      2     14      9      7
 -1.200877E+00  1.766590E-01  1.882414E-03      1      0      2     14      9      7
 -7.954181E-01  9.043113E-02  6.615789E-04      1      0      2     14      9      7
 -8.823142E-01  4.003272E-03  6.451190E-04      1      0      2     14      9      7
 -6.501221E-01 -1.270690E-02  1.241495E-03      1      0      2     14      9      7
 -1.248787E+00  1.270909E-01  1.347678E-04      1      0      2     14      9      7
 -9.916577E-01  2.077895E-01  9.018175E-04      1      0      2     14      9      7
 -8.575321E-01  1.262772E-01  1.410803E-04      1      0      2     14      9      7
 -9.549354E-01  1.866325E-02  9.210350E-05      1      0      2     14      9      7
 -1.036919E+00  2.502035E-01  5.405899E-04      1      0      2     14      9      7
 -8.044079E-01 -6.656137E-02  8.012762E-04      1      0      2     14      9      7
 -2.737708E+00  4.914404E-01  3.324270E-04      1      0      2     14      9      7
 -1.144112E+00  6.367581E-02  4.394971E-05      1      0      2     14      9      7
 -9.179279E-01  1.201560E-02  2.123416E-04      1      0      2     14      9      7
 -8.558025E-01  1.405751E-01  3.589538E-03      1      0      2     14      9      7
 -8.004806E-01  5.805488E-03  5.304510E-04      1      0      2     14      9      7
 -7.293231E-01  2.770330E-02  6.099083E-05      1      0      2     14      9      7
 -1.299031E+00  2.109742E-01  7.477390E-05      1      0      2     14      9      7
 -1.826505E+00  3.342604E-01  3.130187E-04      1      0      2     14      9      7
 -1.193624E+00  2.831716E-01  4.919313E-04      1      0      2     14      9      7
 -1.101071E+00  2.354595E-01  4.285521E-04      1      0      2     14      9      7
 -7.076633E-01  3.577231E-02  8.708491E-05      1      0      2     14      9      7
 -8.934189E-01  7.134397E-02  1.193854E-04      1      0      2     14      9      7
 -8.656168E-01  5.819223E-02  2.396786E-04      1      0      2     14      9      7
 -9.027785E-01  1.314252E-01  3.940966E-04      1      0      2     14      9      7
 -1.324551E+00  2.060716E-01  4.039853E-04      1      0      2     14      9      7
 -7.389611E-01  1.792320E-01  7.935553E-03      1      0      2     14      9      7
 -7.026858E-01  1.140575E-01  1.030061E-02      1      0      2     14      9      7
 -7.069527E-01  1.156913E-01  1.706106E-03      1      0      2     14      9      7
 -1.120248E+00  1.353876E-01  1.501757E-04      1      0      2     14      9      7
 -1.113168E+00  3.070647E-01  9.726631E-04      1      0      2     14      9      7
 -1.301897E+00  3.479371E-01  7.035772E-03      1      0      2     14      9      7
 -7.058754E-01 -6.532581E-03  7.823134E-04      1      0      2     14      9      7
 -8.000886E-01  1.186774E-01  1.017758E-02      1      0      2     14      9      7
 -8.913358E-01  6.624974E-02  4.252856E-05      1      0      2     14      9      7
 -1.248798E+00  2.325729E-01  2.678005E-03      1      0      2     14      9      7
 -1.257851E+00  2.486498E-01  4.208779E-03      1      0      2     14      9      7
 -4.031598E+00  3.275593E-01  8.661826E-04      1      0      2     14      9      7
 -1.442526E+00  3.246373E-01  2.256283E-04      1      0      2     14      9      7
 -1.019865E+00  1.772402E-01  8.714430E-03      1      0      2     14      9      7
 -8.404455E-01  1.406400E-01  3.922088E-03      1      0      2     14      9      7
 -1.869148E+00  3.903331E-01  5.640072E-04      1      0      2     14      9      7
 -7.030861E-01  1.091022E-01  8.814548E-05      1      0      2     14      9      7
 -1.175507E+00  2.105502E-01  1.919024E-03      1      0      2     14      9      7
 -1.173172E+00  2.384078E-01  9.744024E-05      1      0      2     14      9      7
 -7.207165E-01  4.079301E-02  5.137365E-04      1      0      2     14      9      7
 -9.602538E-01  1.525029E-01  5.119972E-04      1      0      2     14      9      7
 -7.419058E-01  1.622691E-01  8.082759E-03      1      0      2     14      9      7
 -1.998905E+00  3.974872E-01  2.138773E-04      1      0      2     14      9      7
 -8.378849E-01  2.305166E-01  2.353728E-03      1      0      2     14      9      7
 -1.394836E+00  2.422346E-01  6.823235E-04      1      0      2     14      9      7
 -6.618400E-01 -1.080135E-01  3.177191E-04      1      0      2     14      9      7
 -7.199264E-01  1.326555E-01  9.556517E-04      1      0      2     14      9      7
 -1.021101E+00  1.545465E-01  4.666051E-04      1      0      2     14      9      7
 -6.659304E-01 -1.504983E-03  6.714634E-04      1      0      2     14      9      7
 -1.203167E+00  2.916936E-01  1.867651E-05      1      0      2     14      9      7
 -7.357317E-01  1.424596E-01  1.537858E-03      1      0      2     14      9      7
 -1.071449E+00  2.069360E-01  9.500944E-04      1      0      2     14      9      7
 -1.208129E+00  2.406068E-01  1.180449E-03      1      0      2     14      9      7
 -9.251137E-01  1.554976E-01  7.760348E-03      1      0      2     14      9      7
 -9.986465E-01  2.870980E-01  1.575402E-03      1      0      2     14      9      7
 -1.100133E+00  1.227468E-01  3.842206E-04      1      0      2     14      9      7
 -1.072912E+00  1.758985E-01  3.294913E-04      1      0      2     14      9      7
 -1.069245E+00  2.847628E-01  6.413434E-03      1      0      2     14      9      7
 -1.050166E+00  2.748876E-01  8.422988E-05      1      0      2     14      9      7
 -1.075562E+00  2.191675E-01  1.257445E-03      1      0      2     14      9      7
 -1.272622E+00  2.978567E-01  9.245136E-04      1      0      2     14      9      7
 -6.615579E-01  2.164894E-01  3.140580E-03      1      0      2     14      9      7
 -1.214321E+00  1.534435E-01  6.099932E-04      1      0      2     14      9      7
 -1.365144E+00  2.086095E-01  4.425091E-04      1      0      2     14      9      7
 -8.225286E-01 -2.878529E-02  1.049618E-03      1      0      2     14      9      7
 -1.284232E+00  2.291151E-01  1.469515E-04      1      0      2     14      9      7
 -1.222819E+00  2.194814E-01  4.996098E-05      1      0      2     14      9      7
 -9.891389E-01  1.930093E-01  5.469957E-04      1      0      2     14      9      7
 -1.018061E+00  1.348805E-01  6.320104E-03      1      0      2     14      9      7
 -5.975463E-01 -2.235197E-02  3.459513E-04      1      0      2     14      9      7
 -1.362236E+00  3.176296E-01  3.553054E-03      1      0      2     14      9      7
 -6.654674E-01  1.543704E-01  4.775077E-04      1      0      2     14      9      7
 -6.855539E-01  1.596973E-02  3.157549E-04      1      0      2     14      9      7
 -8.309843E-01  4.530994E-02  4.338973E-05      1      0      2     14      9      7
 -1.130575E+00  1.367374E-01  6.313741E-05      1      0      2     14      9      7
 -9.364814E-01  5.778563E-02  3.826085E-04      1      0      2     14      9      7
 -1.246357E+00  2.714352E-01  4.451393E-04      1      0      2     14      9      7
 -7.968157E-01  7.029056E-02  8.725460E-04      1      0      2     14      9      7
 -1.288404E+00  2.496483E-01  1.350690E-04      1      0      2     14      9      7
 -6.634210E-01 -1.526646E-01  2.085660E-04      1      0      2     14      9      7
 -1.273398E+00  1.734579E-01  2.448712E-05      1      0      2     14      9      7
 -6.786574E-01  1.619102E-03  2.531945E-04      1      0      2     14      9      7
 -7.309382E-01 -4.691634E-02  7.626717E-04      1      0      2     14      9      7
 -1.431709E+00  2.614771E-01  4.461150E-04      1      0      2     14      9      7
 -1.008085E+00  1.579994E-01  5.603164E-03      1      0      2     14      9      7
 -8.332770E-01 -1.185202E-03  1.373938E-04      1      0      2     14      9      7
 -6.388754E-01 -2.600535E-02  1.568445E-04      1      0      2     14      9      7
 -8.808820E-01  7.345434E-02  9.763115E-04      1      0      2     14      9      7
 -1.470093E+00  2.339894E-01  7.245339E-03      1      0      2     14      9      7
 -9.274645E-01  1.664078E-01  9.948925E-04      1      0      2     14      9      7
 -9.846532E-01  2.205108E-01  6.750269E-04      1      0      2     14      9      7
 -7.274396E-01 -2.109108E-01  5.385112E-04      1      0      2     14      9      7
 -9.663537E-01  1.520291E-01  1.327230E-04      1      0      2     14      9      7
 -6.085684E-01 -6.720690E-02  5.276511E-04      1      0      2     14      9      7
 -9.485300E-01  2.280821E-01  2.162657E-03      1      0      2     14      9      7
 -1.268325E+00  2.737209E-01  4.153036E-04      1      0      2     14      9      7
 -6.505114E-01 -1.859708E-02  8.339840E-05      1      0      2     14      9      7
 -1.028875E+00  1.459150E-01  3.433253E-04      1      0      2     14      9      7
 -1.373126E+00  2.035807E-01  4.817923E-05      1      0      2     14      9      7
 -9.370926E-01  7.889079E-02  5.923030E-04      1      0      2     14      9      7
 -1.452593E+00  2.317006E-01  1.278487E-03      1      0      2     14      9      7
 -1.346083E+00  2.944699E-01  1.379028E-04      1      0      2     14      9      7
 -1.138619E+00  2.546854E-01  8.887514E-04      1      0      2     14      9      7
 -9.396713E-01  2.182308E-01  3.260975E-05      1      0      2     14      9      7
 -1.223858E+00  2.667460E-01  8.247783E-04      1      0      2     14      9      7
 -1.063694E+00  1.920814E-01  3.886622E-04      1      0      2     14      9      7
 -6.905485E-01  1.526093E-01  1.163692E-03      1      0      2     14      9      7
 -1.046135E+00  9.657292E-02  9.718147E-05      1      0      2     14      9      7
 -8.744447E-01  6.229918E-02  2.350376E-04      1      0      2     14      9      7
 -1.011139E+00  8.470103E-02  8.168453E-05      1      0      2     14      9      7
 -7.181829E-01  2.634271E-02  4.095298E-04      1      0      2     14      9      7
 -6.750578E-01 -1.970986E-01  5.565832E-04      1      0      2     14      9      7
 -7.940139E-01 -4.301281E-02  6.929291E-04      1      0      2     14      9      7
 -1.495676E+00  2.873619E-01  2.954897E-04      1      0      2     14      9      7
 -8.470198E-01  6.531731E-02  5.878486E-05      1      0      2     14      9      7
 -1.280899E+00  1.994430E-01  6.477916E-04      1      0      2     14      9      7
 -1.357425E+00  2.862767E-01  7.931311E-03      1      0      2     14      9      7
 -7.409051E-01  1.545548E-01  6.467310E-03      1      0      2     14      9      7
 -6.954142E-01 -3.056525E-02  7.968219E-04      1      0      2     14      9      7
 -6.017514E-01 -1.367260E-01  3.373904E-05      1      0      2     14      9      7
 -2.669064E+00  5.279284E-01  9.485671E-04      1      0      2     14      9      7
 -1.174852E+00  2.870862E-01  1.540743E-03      1      0      2     14      9      7
 -8.014979E-01  2.368850E-02  1.005201E-04      1      0      2     14      9      7
 -1.231141E+00  1.866499E-01  1.302922E-03      1      0      2     14      9      7
 -6.453242E-01  1.594067E-01  1.972434E-03      1      0      2     14      9      7
 -1.543090E+00  3.836239E-01  2.371503E-05      1      0      2     14      9      7
 -7.322058E-01  2.862373E-02  4.795440E-05      1      0      2     14      9      7
 -1.157254E+00  1.534379E-01  5.920909E-04      1      0      2     14      9      7
 -8.632837E-01  4.856841E-02  1.036721E-04      1      0      2     14      9      7
 -1.200369E+00  3.663093E-01  1.160764E-04      1      0      2     14      9      7
 -7.662400E-01 -2.032674E-03  4.372912E-05      1      0      2     14      9      7
 -8.760642E-01  8.397093E-02  6.304408E-04      1      0      2     14      9      7
 -8.303860E-01  1.677500E-01  1.030443E-02      1      0      2     14      9      7
 -1.375713E+00  3.303152E-01  5.181909E-03      1      0      2     14      9      7
 -1.002220E+00  6.783373E-02  7.766712E-05      1      0      2     14      9      7
 -1.017917E+00  9.864562E-02  5.180636E-04      1      0      2     14      9      7
 -9.502622E-01  2.468007E-01  1.030018E-02      1      0      2     14      9      7
 -1.004737E+00  5.159250E-02  2.188789E-04      1      0      2     14      9      7
 -9.424633E-01  1.710359E-01  9.074173E-05      1      0      2     14      9      7
 -1.359275E+00  2.646738E-01  9.376221E-04      1      0      2     14      9      7
 -8.912729E-01  2.237819E-01  1.029721E-02      1      0      2     14      9      7
 -9.640366E-01  1.913109E-01  6.677302E-06      1      0      2     14      9      7
 -8.326803E-01  1.158629E-01  1.736438E-04      1      0      2     14      9      7
 -1.977264E+00  4.186605E-01  2.947346E-05      1      0      2     14      9      7
 -1.275524E+00  3.110158E-01  1.436977E-04      1      0      2     14      9      7
 -1.103133E+00  1.654756E-01  3.497269E-05      1      0      2     14      9      7
 -8.765710E-01  3.664268E-02  5.921757E-04      1      0      2     14      9      7
 -1.495010E+00  2.392186E-01  1.279632E-04      1      0      2     14      9      7
 -1.097679E+00  2.183183E-01  2.846423E-04      1      0      2     14      9      7
 -9.339830E-01  2.990237E-01  9.673603E-03      1      0      2     14      9      7
 -1.592256E+00  3.627996E-01  6.759177E-04      1      0      2     14      9      7
 -8.806457E-01 -4.908615E-02  3.124714E-05      1      0      2     14      9      7
 -1.433744E+00  2.368615E-01  4.195755E-05      1      0      2     14      9      7
 -9.256276E-01  1.265717E-01  5.672313E-04      1      0      2     14      9      7
 -7.856513E-01 -9.274487E-02  4.632113E-04      1      0      2     14      9      7
 -7.189316E-01  2.712726E-02  3.733010E-04      1      0      2     14      9      7
 -1.545310E+00  3.812072E-01  2.585609E-04      1      0      2     14      9      7
 -1.280468E+00  2.364378E-01  1.301056E-03      1      0      2     14      9      7
 -9.996799E-01  8.854371E-02  1.069811E-04      1      0      2     14      9      7
 -7.304513E-01  1.746529E-02  1.255664E-04      1      0      2     14      9      7
 -9.736071E-01  1.251440E-01  5.249360E-04      1      0      2     14      9      7
 -6.944879E-01  1.662541E-01  3.003937E-03      1      0      2     14      9      7
 -1.095480E+00  1.263777E-01  5.101730E-04      1      0      2     14      9      7
 -7.378555E-01 -3.858797E-02  1.060690E-04      1      0      2     14      9      7
 -9.191167E-01  1.396851E-01  7.935977E-04      1      0      2     14      9      7
 -8.091828E-01  2.739534E-02  4.955372E-04      1      0      2     14      9      7
 -1.275836E+00  2.103514E-01  5.875941E-04      1      0      2     14      9      7
 -2.153904E+00  3.420270E-01  9.333375E-04      1      0      2     14      9      7
 -7.366851E-01  1.781653E-02  2.342274E-04      1      0      2     14      9      7
 -1.665175E+00  3.642985E-01  4.140479E-05      1      0      2     14      9      7
 -1.186644E+00  1.109854E-01  5.076276E-05      1      0      2     14      9      7
 -9.658419E-01  1.564219E-01  6.734996E-05      1      0      2     14      9      7
 -1.309667E+00  2.225946E-01  1.308819E-04      1      0      2     14      9      7
 -1.602960E+00  3.141463E-01  1.221301E-04      1      0      2     14      9      7
 -9.954654E-01  1.253319E-01  1.570948E-04      1      0      2     14      9      7
 -6.352458E-01  1.081335E-01  1.015510E-03      1      0      2     14      9      7
 -7.611015E-01 -2.038414E-02  2.874337E-04      1      0      2     14      9      7
 -6.925818E-01 -8.628881E-02  3.028161E-04      1      0      2     14      9      7
 -7.465216E-01 -6.475015E-02  1.433159E-04      1      0      2     14      9      7
 -1.000215E+00  1.679204E-01  6.799903E-04      1      0      2     14      9      7
 -8.451495E-01  4.400333E-02  4.143533E-04      1      0      2     14      9      7
 -6.839479E-01 -4.429081E-02  1.516308E-04      1      0      2     14      9      7
 -6.346257E-01  1.071311E-01  3.939990E-03      1      0      2     14      9      7
 -1.507442E+00  2.873874E-01  5.541227E-06      1      0      2     14      9      7
 -6.865153E-01  7.681093E-02  2.237575E-04      1      0      2     14      9      7
 -1.006578E+00  1.150956E-01  1.338557E-03      1      0      2     14      9      7
 -9.181879E-01  1.725667E-01  9.209501E-03      1      0      2     14      9      7
 -1.232687E+00  2.671751E-01  2.453802E-05      1      0      2     14      9      7
 -7.710802E-01  9.749688E-02  2.397974E-04      1      0      2     14      9      7
 -8.403368E-01  1.529708E-01  3.669674E-04      1      0      2     14      9      7
 -1.086168E+00  2.322764E-01  1.465358E-04      1      0      2     14      9      7
 -8.875013E-01  1.496360E-01  1.588214E-04      1      0      2     14      9      7
 -7.686159E-01 -1.452762E-02  2.893936E-04      1      0      2     14      9      7
 -1.133023E+00  1.507545E-01  3.601628E-05      1      0      2     14      9      7
 -6.706353E-01 -1.034383E-01  5.970543E-05      1      0      2     14      9      7
 -1.955644E+00  3.421296E-01  1.207896E-03      1      0      2     14      9      7
 -7.160124E-01 -2.390098E-02  7.362425E-04      1      0      2     14      9      7
 -9.334112E-01  2.848199E-02  2.855586E-04      1      0      2     14      9      7
 -8.434878E-01  1.818017E-01  6.288287E-03      1      0      2     14      9      7
 -1.003058E+00  3.079792E-01  1.415342E-03      1      0      2     14      9      7
 -1.083567E+00  1.548904E-01  1.168188E-04      1      0      2     14      9      7
 -1.609249E+00  3.784255E-01  6.488097E-04      1      0      2     14      9      7
 -6.725853E-01 -9.360966E-02  4.031453E-04      1      0      2     14      9      7
 -6.781928E-01 -4.354868E-03  2.379987E-04      1      0      2     14      9      7
 -1.201794E+00  1.345188E-01  1.891322E-04      1      0      2     14      9      7
 -1.275453E+00  2.916804E-01  1.485678E-04      1      0      2     14      9      7
 -8.186695E-01  6.446784E-02  6.552580E-05      1      0      2     14      9      7
 -1.072367E+00  2.039106E-01  2.172117E-04      1      0      2     14      9      7
 -2.060787E+00  3.610157E-01  3.701915E-05      1      0      2     14      9      7
 -1.602960E+00  3.141463E-01  1.221301E-04      1      0      2     14      9      7
 -7.781896E-01  4.060912E-02  6.610698E-04      1      0      2     14      9      7
 -9.094672E-01  4.076371E-02  1.337200E-03      1      0      2     14      9      7
 -1.106536E+00  1.650947E-01  6.427433E-05      1      0      2     14      9      7
 -7.276535E-01  1.338366E-01  1.049363E-04      1      0      2     14      9      7
 -7.051851E-01 -5.535169E-02  3.451410E-04      1      0      2     14      9      7
 -7.954816E-01  9.736285E-02  1.592626E-04      1      0      2     14      9      7
 -1.961539E+00  3.640715E-01  1.191945E-03      1      0      2     14      9      7
 -8.533884E-01  9.315755E-02  2.561556E-04      1      0      2     14      9      7
 -1.650316E+00  3.627705E-01  2.528127E-04      1      0      2     14      9      7
 -1.130023E+00  2.565198E-01  5.895880E-05      1      0      2     14      9      7
 -1.054261E+00  1.890308E-01  2.265998E-03      1      0      2     14      9      7
 -8.711927E-01  2.150290E-01  3.271963E-03      1      0      2     14      9      7
 -7.135418E-01 -6.753276E-02  6.088053E-04      1      0      2     14      9      7
 -1.050854E+00  1.712764E-01  2.333492E-04      1      0      2     14      9      7
 -7.567914E-01 -5.904058E-03  1.974598E-04      1      0      2     14      9      7
 -6.612520E-01  1.199520E-02  2.926092E-04      1      0      2     14      9      7
 -1.215975E+00  2.824722E-01  8.760671E-05      1      0      2     14      9      7
 -7.442252E-01  3.391676E-03  2.576191E-04      1      0      2     14      9      7
 -7.355918E-01 -1.536224E-01  2.296373E-04      1      0      2     14      9      7
 -1.256803E+00  2.523141E-01  2.154003E-04      1      0      2     14      9      7
 -7.222510E-01 -4.090910E-02  1.041218E-03      1      0      2     14      9      7
 -1.079598E+00  7.557774E-02  1.123093E-04      1      0      2     14      9      7
 -7.459783E-01  1.599377E-02  2.759626E-04      1      0      2     14      9      7
 -8.324849E-01 -2.983151E-02  8.446320E-04      1      0      2     14      9      7
 -3.193279E+00  7.435307E-01  1.525768E-03      1      0      2     14      9      7
 -1.247365E+00  2.330477E-01  6.915716E-06      1      0      2     14      9      7
 -2.130427E+00  4.723650E-01  1.533743E-03      1      0      2     14      9      7
 -9.356158E-01  1.582331E-01  2.646528E-03      1      0      2     14      9      7
 -1.248368E+00  2.616724E-01  3.129847E-04      1      0      2     14      9      7
 -7.570419E-01  9.858357E-02  1.251761E-03      1      0      2     14      9      7
 -1.038289E+00  5.120926E-02  1.312213E-03      1      0      2     14      9      7
 -8.270563E-01 -5.966690E-04  2.550695E-05      1      0      2     14      9      7
 -1.025422E+00  1.670084E-01  5.011370E-05      1      0      2     14      9      7
 -8.268036E-01 -5.061298E-02  7.302185E-05      1      0      2     14      9      7
 -1.327682E+00  2.740627E-01  6.071084E-05      1      0      2     14      9      7
 -1.082234E+00  1.643572E-01  4.671566E-03      1      0      2     14      9      7
 -6.323686E-01 -9.024610E-02  2.589936E-04      1      0      2     14      9      7
 -9.736154E-01  2.108405E-01  5.521713E-05      1      0      2     14      9      7
 -1.007883E+00  1.433277E-01  7.041711E-04      1      0      2     14      9      7
 -1.078580E+00  2.204736E-01  7.574538E-03      1      0      2     14      9      7
 -1.701887E+00  3.655347E-01  4.217518E-04      1      0      2     14      9      7
 -2.770244E+00  4.936956E-01  4.754290E-04      1      0      2     14      9      7
 -7.151188E-01  2.655047E-02  1.131620E-03      1      0      2     14      9      7
 -6.817791E-01  2.494400E-02  1.323328E-03      1      0      2     14      9      7
 -1.466473E+00  1.839001E-01  6.010420E-04      1      0      2     14      9      7
 -6.866398E-01 -1.177971E-01  2.340916E-04      1      0      2     14      9      7
 -1.367652E+00  3.415517E-01  4.556601E-04      1      0      2     14      9      7
 -7.947815E-01  2.968194E-02  2.305196E-04      1      0      2     14      9      7
 -1.165712E+00  2.829438E-01  6.531793E-04      1      0      2     14      9      7
 -9.431046E-01  1.910649E-01  1.023443E-03      1      0      2     14      9      7
 -1.407834E+00  3.367280E-01  3.872835E-03      1      0      2     14      9      7
 -9.419772E-01  1.328090E-01  1.337115E-03      1      0      2     14      9      7
 -8.044176E-01 -5.129274E-02  1.206411E-04      1      0      2     14      9      7
 -7.282423E-01 -2.564445E-02  1.146638E-04      1      0      2     14      9      7
 -9.201315E-01 -6.057534E-02  4.834044E-05      1      0      2     14      9      7
 -1.008939E+00  1.629372E-01  2.709101E-04      1      0      2     14      9      7
 -1.198676E+00  2.075887E-01  3.030451E-04      1      0      2     14      9      7
 -7.474083E-01  1.604710E-01  4.356367E-03      1      0      2     14      9      7
 -1.745598E+00  3.238773E-01  3.476524E-05      1      0      2     14      9      7
 -6.485164E-01  9.350413E-03  2.259804E-04      1      0      2     14      9      7
 -1.083230E+00  1.788723E-01  1.237549E-04      1      0      2     14      9      7
 -1.256033E+00  3.224730E-01  2.936231E-03      1      0      2     14      9      7
 -1.059627E+00  1.510685E-01  1.384755E-04      1      0      2     14      9      7
 -2.043268E+00  4.172210E-01  1.031376E-02      1      0      2     14      9      7
 -1.361565E+00  2.329619E-01  8.821759E-04      1      0      2     14      9      7
 -9.520751E-01  9.419306E-02  5.378325E-05      1      0      2     14      9      7
 -1.253271E+00  2.332959E-01  1.387598E-04      1      0      2     14      9      7
 -1.215828E+00  1.905633E-01  4.612174E-05      1      0      2     14      9      7
 -9.600173E-01  1.471000E-01  9.845414E-05      1      0      2     14      9      7
 -1.187802E+00  2.874435E-01  1.452843E-04      1      0      2     14      9      7
 -7.471445E-01 -3.430840E-02  1.271572E-03      1      0      2     14      9      7
 -1.324551E+00  2.060716E-01  4.039853E-04      1      0      2     14      9      7
 -8.490124E-01  1.005276E-02  1.102603E-04      1      0      2     14      9      7
 -9.052840E-01  6.473492E-02  6.250107E-04      1      0      2     14      9      7
 -9.698717E-01  4.871567E-02  3.616646E-05      1      0      2     14      9      7
 -8.098173E-01  1.558459E-01  8.489167E-03      1      0      2     14      9      7
 -1.758959E+00  4.082572E-01  8.861212E-05      1      0      2     14      9      7
 -1.072629E+00  1.551546E-01  6.200473E-04      1      0      2     14      9      7
 -7.995927E-01  1.696229E-01  7.770105E-04      1      0      2     14      9      7
 -1.116990E+00  2.865785E-01  1.220495E-03      1      0      2     14      9      7
 -1.050743E+00  2.378669E-01  6.372708E-03      1      0      2     14      9      7
 -6.870978E-01 -1.426123E-02  7.542721E-05      1      0      2     14      9      7
 -1.394569E+00  2.583922E-01  5.229846E-05      1      0      2     14      9      7
 -7.677486E-01  7.746004E-02  1.317134E-03      1      0      2     14      9      7
 -8.063888E-01  1.418780E-01  2.661206E-03      1      0      2     14      9      7
 -8.721945E-01  2.093833E-01  8.383959E-05      1      0      2     14      9      7
 -4.012448E+00  2.669038E-01  2.161723E-03      1      0      2     14      9      7
 -7.694687E-01 -1.008525E-01  4.201525E-04      1      0      2     14      9      7
 -1.386321E+00  2.268384E-01  3.602731E-05      1      0      2     14      9      7
 -5.918156E-01 -3.965106E-02  6.939049E-04      1      0      2     14      9      7
 -1.662539E+00  3.818211E-01  3.942535E-04      1      0      2     14      9      7
 -1.444786E+00  3.530616E-01  5.278632E-04      1      0      2     14      9      7
 -7.267070E-01  1.824297E-01  4.813681E-03      1      0      2     14      9      7
 -4.016000E+00  3.063175E-01  3.667680E-03      1      0      2     14      9      7
 -1.082858E+00  1.624554E-01  1.319764E-03      1      0      2     14      9      7
 -6.739300E-01  1.451071E-02  4.131230E-04      1      0      2     14      9      7
 -6.766891E-01 -6.342562E-02  1.014789E-04      1      0      2     14      9      7
 -1.065436E+00  9.366208E-02  2.568131E-05      1      0      2     14      9      7
 -7.907842E-01  4.007034E-02  4.955797E-04      1      0      2     14      9      7
 -1.151832E+00  1.568096E-01  1.858318E-05      1      0      2     14      9      7
 -9.783969E-01  1.090085E-01  2.953370E-04      1      0      2     14      9      7
 -5.947738E-01  1.005683E-01  3.635099E-04      1      0      2     14      9      7
 -6.372858E-01  6.792097E-02  8.280024E-04      1      0      2     14      9      7
 -1.339575E+00  2.919564E-01  4.677505E-03      1      0      2     14      9      7
 -6.341192E-01 -3.908833E-02  7.782832E-04      1      0      2     14      9      7
 -6.019391E-01 -7.073797E-03  7.789196E-04      1      0      2     14      9      7
 -1.132409E+00  1.581489E-01  7.683988E-03      1      0      2     14      9      7
 -6.582821E-01 -2.304339E-02  4.807318E-05      1      0      2     14      9      7
 -1.242078E+00  1.989661E-01  2.755129E-04      1      0      2     14      9      7
 -9.262086E-01  1.558051E-01  1.051230E-04      1      0      2     14      9      7
 -1.214950E+00  2.528954E-01  1.894504E-05      1      0      2     14      9      7
 -1.432240E+00  3.485388E-01  5.559469E-05      1      0      2     14      9      7
 -1.326600E+00  2.703716E-01  3.357359E-04      1      0      2     14      9      7
 -9.583121E-01  5.713919E-02  1.268857E-04      1      0      2     14      9      7
 -7.792200E-01  1.851763E-01  9.487793E-03      1      0      2     14      9      7
 -1.267904E+00  2.554934E-01  5.299843E-04      1      0      2     14      9      7
 -8.902211E-01 -9.416291E-02  1.541464E-04      1      0      2     14      9      7
 -9.717223E-01  2.204688E-01  4.665627E-04      1      0      2     14      9      7
 -1.348310E+00  2.574392E-01  1.437826E-04      1      0      2     14      9      7
 -7.509610E-01  1.133873E-01  7.247036E-04      1      0      2     14      9      7
 -1.366199E+00  2.831078E-01  5.058883E-04      1      0      2     14      9      7
 -1.479375E+00  2.412258E-01  1.132087E-04      1      0      2     14      9      7
 -1.022896E+00  1.348927E-01  2.149421E-03      1      0      2     14      9      7
 -1.838833E+00  4.070501E-01  1.032691E-02      1      0      2     14      9      7
 -9.626614E-01  8.973617E-02  1.326127E-03      1      0      2     14      9      7
 -1.036582E+00  1.802501E-01  4.172592E-03      1      0      2     14      9      7
 -9.953755E-01  4.843701E-02  1.808174E-04      1      0      2     14      9      7
 -8.202161E-01  1.209649E-01  3.108127E-04      1      0      2     14      9      7
 -7.797619E-01  3.826068E-02  4.073791E-04      1      0      2     14      9      7
 -9.832701E-01  1.444568E-01  2.997235E-04      1      0      2     14      9      7
 -1.062654E+00  2.055630E-01  9.636271E-05      1      0      2     14      9      7
 -8.268311E-01  1.589828E-01  8.462441E-04      1      0      2     14      9      7
 -1.101898E+00  3.356669E-01  6.119022E-03      1      0      2     14      9      7
 -6.657008E-01 -7.089901E-02  7.519813E-04      1      0      2     14      9      7
 -6.758186E-01  1.897064E-02  2.489862E-04      1      0      2     14      9      7
 -1.070140E+00  1.383160E-01  2.235496E-04      1      0      2     14      9      7
 -1.261014E+00  2.510620E-01  7.425211E-03      1      0      2     14      9      7
 -1.008938E+00  1.849019E-01  4.112098E-05      1      0      2     14      9      7
 -1.179060E+00  2.399564E-01  1.058229E-04      1      0      2     14      9      7
 -2.686628E+00  4.779746E-01  1.364096E-04      1      0      2     14      9      7
 -1.089514E+00  1.757436E-01  2.153069E-04      1      0      2     14      9      7
 -6.918737E-01  6.426323E-03  1.905661E-04      1      0      2     14      9      7
 -8.958844E-01  6.196222E-02  4.794591E-05      1      0      2     14      9      7
 -1.173428E+00  2.625415E-01  2.989005E-04      1      0      2     14      9      7
 -1.569407E+00  2.459599E-01  3.089207E-04      1      0      2     14      9      7
 -7.953880E-01  4.761671E-02  2.341171E-04      1      0      2     14      9      7
 -6.517417E-01 -1.048609E-01  5.913697E-04      1      0      2     14      9      7
 -1.236590E+00  2.483152E-01  8.858243E-05      1      0      2     14      9      7
 -8.811395E-01  7.028675E-02  6.107143E-05      1      0      2     14      9      7
 -1.149819E+00  2.626047E-01  2.960539E-04      1      0      2     14      9      7
 -1.429227E+00  2.774097E-01  4.345337E-05      1      0      2     14      9      7
 -7.186815E-01 -1.149753E-02  6.870324E-04      1      0      2     14      9      7
 -2.379891E+00  4.544320E-01  2.292427E-04      1      0      2     14      9      7
 -2.153780E+00  4.553477E-01  9.528094E-03      1      0      2     14      9      7
 -8.859507E-01 -5.512278E-02  3.997387E-04      1      0      2     14      9      7
 -8.622722E-01  1.296361E-01  9.613787E-04      1      0      2     14      9      7
 -1.023002E+00  2.370350E-01  6.469432E-04      1      0      2     14      9      7
 -1.455463E+00  3.215548E-01  5.572620E-04      1      0      2     14      9      7
 -9.699668E-01  8.044188E-02  1.253373E-04      1      0      2     14      9      7
 -1.299035E+00  2.905679E-01  6.943291E-04      1      0      2     14      9      7
 -7.653660E-01  2.151191E-01  8.629585E-04      1      0      2     14      9      7
 -1.456402E+00  3.281750E-01  2.804764E-04      1      0      2     14      9      7
 -2.022546E+00  3.668459E-01  2.567240E-04      1      0      2     14      9      7
 -8.600946E-01  6.396797E-02  3.713411E-04      1      0      2     14      9      7
 -8.304138E-01  4.755210E-02  4.244371E-04      1      0      2     14      9      7
 -7.683280E-01 -1.030597E-01  2.350419E-04      1      0      2     14      9      7
 -2.471745E+00  4.629013E-01  9.888685E-05      1      0      2     14      9      7
 -8.195126E-01  1.715262E-02  5.283298E-04      1      0      2     14      9      7
 -1.071306E+00  2.625570E-01  3.005974E-03      1      0      2     14      9      7
 -7.123593E-01 -9.381352E-02  6.071084E-04      1      0      2     14      9      7
 -1.461918E+00  2.760499E-01  1.095222E-03      1      0      2     14      9      7
 -1.012294E+00  6.553233E-02  1.978204E-04      1      0      2     14      9      7
 -1.237077E+00  2.626136E-01  9.933229E-04      1      0      2     14      9      7
 -1.118101E+00  1.793399E-01  1.792139E-04      1      0      2     14      9      7
 -8.037388E-01 -4.448938E-03  8.558740E-05      1      0      2     14      9      7
 -8.512114E-01  3.321774E-02  5.441959E-04      1      0      2     14      9      7
 -1.140750E+00  2.007188E-01  2.053249E-04      1      0      2     14      9      7
 -1.353934E+00  3.655486E-01  2.740960E-05      1      0      2     14      9      7
 -8.086340E-01 -1.499095E-02  6.239926E-04      1      0      2     14      9      7
 -1.219828E+00  7.689895E-02  1.921951E-04      1      0      2     14      9      7
 -1.178605E+00  1.971767E-01  5.280753E-04      1      0      2     14      9      7
 -1.046867E+00  1.561207E-01  1.406645E-04      1      0      2     14      9      7
 -1.470093E+00  2.339894E-01  7.245339E-03      1      0      2     14      9      7
 -1.637160E+00  2.962020E-01  8.414928E-03      1      0      2     14      9      7
 -1.073855E+00  1.695117E-01  1.784927E-04      1      0      2     14      9      7
 -1.693156E+00  4.562327E-01  1.301480E-03      1      0      2     14      9      7
 -9.934627E-01  1.171456E-01  5.425414E-04      1      0      2     14      9      7
 -9.180663E-01  2.508630E-01  2.737779E-03      1      0      2     14      9      7
 -1.675526E+00  3.108567E-01  2.065594E-04      1      0      2     14      9      7
 -1.772977E+00  2.779139E-01  4.085881E-05      1      0      2     14      9      7
 -1.001543E+00  1.113591E-01  3.563278E-04      1      0      2     14      9      7
 -9.153856E-01 -2.077092E-02  1.216211E-04      1      0      2     14      9      7
 -7.801344E-01 -2.515552E-02  6.306529E-04      1      0      2     14      9      7
 -6.968489E-01 -1.735191E-02  5.416929E-04      1      0      2     14      9      7
 -9.973121E-01  1.112232E-01  1.296898E-04      1      0      2     14      9      7
 -7.201514E-01 -6.466854E-02  3.526031E-04      1      0      2     14      9      7
 -9.902936E-01  1.447837E-01  1.222956E-04      1      0      2     14      9      7
 -7.504142E-01 -7.059013E-02  5.676979E-04      1      0      2     14      9      7
 -1.183863E+00  2.338705E-01  6.720573E-03      1      0      2     14      9      7
 -1.106254E+00  1.709180E-01  3.567435E-05      1      0      2     14      9      7
 -1.380441E+00  2.555722E-01  6.648455E-04      1      0      2     14      9      7
 -1.203348E+00  1.171458E-01  4.106880E-04      1      0      2     14      9      7
 -9.831028E-01  1.016990E-01  8.482379E-04      1      0      2     14      9      7
 -8.860991E-01  7.422032E-02  4.569328E-04      1      0      2     14      9      7
 -6.706286E-01 -1.003862E-01  1.584268E-04      1      0      2     14      9      7
 -8.145402E-01  5.688271E-02  1.296262E-03      1      0      2     14      9      7
 -1.018355E+00  1.795485E-01  6.651848E-04      1      0      2     14      9      7
 -7.004564E-01 -1.920195E-02  4.821317E-04      1      0      2     14      9      7
 -9.422119E-01  1.393186E-01  4.903193E-05      1      0      2     14      9      7
 -1.811659E+00  4.535259E-01  2.683987E-05      1      0      2     14      9      7
 -1.622324E+00  3.609504E-01  8.244813E-05      1      0      2     14      9      7
 -2.067598E+00  3.769265E-01  4.061997E-05      1      0      2     14      9      7
 -9.417525E-01  1.193124E-01  6.113083E-03      1      0      2     14      9      7
 -1.001849E+00  3.966754E-02  6.154657E-04      1      0      2     14      9      7
 -1.594282E+00  3.839326E-01  9.088596E-05      1      0      2     14      9      7
 -7.857266E-01  1.363655E-01  1.234495E-03      1      0      2     14      9      7
 -8.807786E-01  2.199926E-02  4.154648E-04      1      0      2     14      9      7
 -8.007975E-01  1.925285E-01  1.011607E-02      1      0      2     14      9      7
 -7.071780E-01  1.333091E-01  8.756004E-03      1      0      2     14      9      7
 -7.485400E-01 -1.579458E-02  1.127590E-04      1      0      2     14      9      7
 -1.017437E+00  1.737248E-01  2.915953E-05      1      0      2     14      9      7
 -8.314651E-01  5.231270E-02  9.959955E-05      1      0      2     14      9      7
 -1.488493E+00  2.363710E-01  2.269561E-04      1      0      2     14      9      7
 -2.404846E+00  4.706860E-01  6.866506E-05      1      0      2     14      9      7
 -7.135233E-01  1.029014E-01  4.401335E-03      1      0      2     14      9      7
 -1.349558E+00  4.061296E-01  4.505270E-05      1      0      2     14      9      7
 -7.643351E-01  7.639345E-02  6.246713E-05      1      0      2     14      9      7
 -9.794636E-01  1.305824E-01  1.548846E-04      1      0      2     14      9      7
 -8.523544E-01  8.494543E-02  5.837760E-05      1      0      2     14      9      7
 -6.785395E-01 -4.597798E-02  4.491695E-04      1      0      2     14      9      7
 -1.311493E+00  2.182300E-01  2.451045E-04      1      0      2     14      9      7
 -1.035187E+00  1.789157E-03  2.561428E-04      1      0      2     14      9      7
 -1.242610E+00  2.746975E-01  6.469856E-04      1      0      2     14      9      7
 -9.505554E-01  1.180880E-01  5.005431E-04      1      0      2     14      9      7
 -9.937857E-01  2.263840E-01  2.453548E-03      1      0      2     14      9      7
 -1.639053E+00  3.283417E-01  7.334851E-04      1      0      2     14      9      7
 -2.371518E+00  3.816070E-01  6.924625E-04      1      0      2     14      9      7
 -6.343074E-01  1.441021E-01  3.954753E-03      1      0      2     14      9      7
 -6.059612E-01 -1.024487E-01  7.505389E-04      1      0      2     14      9      7
 -7.847689E-01  4.361379E-03  3.827061E-04      1      0      2     14      9      7
 -1.308355E+00  2.246264E-01  8.973207E-05      1      0      2     14      9      7
 -1.565308E+00  2.935792E-01  1.738983E-04      1      0      2     14      9      7
 -9.310295E-01  1.594500E-01  6.582275E-05      1      0      2     14      9      7
 -7.086114E-01 -5.549554E-03  7.336972E-04      1      0      2     14      9      7
 -1.889619E+00  4.597883E-01  4.428061E-04      1      0      2     14      9      7
 -1.127604E+00  1.453646E-01  3.205190E-05      1      0      2     14      9      7
 -1.929416E+00  3.454805E-01  7.910524E-05      1      0      2     14      9      7
 -6.745786E-01 -1.390560E-01  3.321894E-05      1      0      2     14      9      7
 -1.510291E+00  3.319269E-01  4.798409E-04      1      0      2     14      9      7
 -1.305537E+00  2.903091E-01  9.518761E-04      1      0      2     14      9      7
 -1.924417E+00  4.562224E-01  8.156574E-03      1      0      2     14      9      7
 -8.576853E-01  4.007928E-02  1.894674E-04      1      0      2     14      9      7
 -9.710841E-01  1.356756E-01  2.000518E-04      1      0      2     14      9      7
 -8.793641E-01  2.051729E-01  1.060308E-03      1      0      2     14      9      7
 -9.220849E-01  1.425374E-01  1.314843E-03      1      0      2     14      9      7
 -9.468567E-01  2.951207E-01  1.832864E-03      1      0      2     14      9      7
 -9.814312E-01  1.415563E-01  7.627566E-04      1      0      2     14      9      7
 -9.425797E-01  1.031700E-01  7.558841E-04      1      0      2     14      9      7
 -1.096983E+00  2.388705E-01  3.694449E-04      1      0      2     14      9      7
 -8.054901E-01  7.465786E-02  1.310601E-03      1      0      2     14      9      7
 -9.250380E-01  2.288732E-01  6.426161E-03      1      0      2     14      9      7
 -9.290154E-01  1.291264E-01  1.303177E-04      1      0      2     14      9      7
 -9.551467E-01  1.634465E-01  2.963127E-04      1      0      2     14      9      7
 -7.331784E-01  8.361733E-02  7.017955E-04      1      0      2     14      9      7
 -6.306166E-01 -8.677742E-02  3.378740E-05      1      0      2     14      9      7
 -1.271216E+00  2.686792E-01  3.011276E-04      1      0      2     14      9      7
 -1.198015E+00  2.681289E-01  5.620982E-04      1      0      2     14      9      7
 -1.989738E+00  4.571254E-01  1.289432E-03      1      0      2     14      9      7
 -7.069924E-01 -1.673075E-01  1.770758E-04      1      0      2     14      9      7
 -1.009626E+00  8.520147E-02  3.025403E-04      1      0      2     14      9      7
 -1.380151E+00  2.845527E-01  5.186999E-04      1      0      2     14      9      7
 -8.326957E-01  1.068314E-02  6.397737E-05      1      0      2     14      9      7
 -1.175507E+00  2.105502E-01  1.919024E-03      1      0      2     14      9      7
 -8.181451E-01 -5.282161E-03  5.448322E-05      1      0      2     14      9      7
 -8.131653E-01 -2.309400E-02  5.851760E-05      1      0      2     14      9      7
 -1.644031E+00  3.490730E-01  2.471153E-04      1      0      2     14      9      7
 -7.914271E-01  3.122160E-02  2.911796E-05      1      0      2     14      9      7
 -8.611618E-01  9.579214E-02  4.129024E-04      1      0      2     14      9      7
 -8.719709E-01  6.610192E-03  2.568385E-04      1      0      2     14      9      7
 -1.158087E+00  1.666751E-01  2.403277E-04      1      0      2     14      9      7
 -1.627962E+00  3.557105E-01  8.526075E-05      1      0      2     14      9      7
 -7.970304E-01  1.213208E-01  5.396142E-04      1      0      2     14      9      7
 -9.498148E-01 -6.250914E-02  1.695033E-05      1      0      2     14      9      7
 -1.364367E+00  2.270892E-01  1.336139E-04      1      0      2     14      9      7
 -1.138960E+00  2.512217E-01  6.484704E-04      1      0      2     14      9      7
 -9.927367E-01 -1.914580E-02  4.386062E-04      1      0      2     14      9      7
 -9.404147E-01  2.441018E-01  2.761069E-03      1      0      2     14      9      7
 -1.492017E+00  2.572727E-01  3.719690E-04      1      0      2     14      9      7
 -1.161948E+00  2.085730E-01  2.134488E-03      1      0      2     14      9      7
 -7.887634E-01  1.230715E-02  3.429986E-04      1      0      2     14      9      7
 -1.486909E+00  2.856654E-01  4.982947E-05      1      0      2     14      9      7
 -8.834541E-01  1.698918E-01  9.705844E-03      1      0      2     14      9      7
 -1.103376E+00  2.401886E-01  1.160637E-03      1      0      2     14      9      7
 -1.203458E+00  2.250754E-01  5.635405E-04      1      0      2     14      9      7
 -8.481702E-01  2.272688E-01  8.434866E-04      1      0      2     14      9      7
 -8.858716E-01  4.396477E-03  3.094085E-04      1      0      2     14      9      7
 -7.410283E-01  4.345701E-02  8.602435E-05      1      0      2     14      9      7
 -3.645165E+00  9.596644E-01  4.894708E-05      1      0      2     14      9      7
 -1.389241E+00  2.613214E-01  9.524700E-04      1      0      2     14      9      7
 -9.954674E-01  6.465534E-02  1.947829E-04      1      0      2     14      9      7
 -6.310265E-01 -7.599707E-02  7.938947E-05      1      0      2     14      9      7
 -1.293508E+00  3.247323E-01  8.011914E-03      1      0      2     14      9      7
 -1.634427E+00  2.622649E-01  1.017716E-02      1      0      2     14      9      7
 -1.043601E+00  1.172171E-01  7.709017E-04      1      0      2     14      9      7
 -7.899718E-01  2.023387E-01  1.666568E-03      1      0      2     14      9      7
 -1.153827E+00  2.360986E-01  1.793920E-04      1      0      2     14      9      7
 -1.301111E+00  2.019369E-01  2.338328E-04      1      0      2     14      9      7
 -7.983313E-01  2.123997E-01  1.405670E-03      1      0      2     14      9      7
 -1.045394E+00  1.025754E-01  1.917327E-04      1      0      2     14      9      7
 -1.293106E+00  3.030154E-01  2.479341E-05      1      0      2     14      9      7
 -2.125187E+00  3.508764E-01  4.612599E-05      1      0      2     14      9      7
 -1.625413E+00  3.372941E-01  6.768510E-03      1      0      2     14      9      7
 -1.112047E+00  1.601199E-01  8.405171E-05      1      0      2     14      9      7
 -5.770530E-01 -4.164897E-02  4.715261E-04      1      0      2     14      9      7
 -7.880954E-01  2.047935E-02  8.343233E-05      1      0      2     14      9      7
 -7.227353E-01 -4.871779E-02  3.207141E-05      1      0      2     14      9      7
 -1.711609E+00  3.273168E-01  6.792691E-05      1      0      2     14      9      7
 -1.217050E+00  2.308746E-01  4.139121E-04      1      0      2     14      9      7
 -7.438380E-01  4.816675E-02  5.875941E-04      1      0      2     14      9      7
 -6.725853E-01 -9.360966E-02  4.031453E-04      1      0      2     14      9      7
 -5.898455E-01 -7.466130E-02  3.405085E-04      1      0      2     14      9      7
 -9.988771E-01  1.913365E-01  9.725359E-03      1      0      2     14      9      7
 -8.211756E-01  5.983622E-02  1.315310E-03      1      0      2     14      9      7
 -1.044099E+00  7.083539E-02  5.727886E-05      1      0      2     14      9      7
 -1.410684E+00  2.352676E-01  1.762740E-03      1      0      2     14      9      7
 -1.161283E+00  2.275759E-01  5.556924E-05      1      0      2     14      9      7
 -6.292557E-01  1.532777E-01  3.034100E-03      1      0      2     14      9      7
 -1.216923E+00  2.103223E-01  2.718264E-04      1      0      2     14      9      7
 -7.128851E-01 -5.038786E-02  1.154147E-03      1      0      2     14      9      7
 -1.104119E+00  2.291588E-01  2.663454E-04      1      0      2     14      9      7
 -6.286835E-01  9.270611E-02  1.385816E-03      1      0      2     14      9      7
 -1.402998E+00  3.088491E-01  7.507086E-04      1      0      2     14      9      7
 -7.572455E-01 -8.713935E-02  2.538944E-04      1      0      2     14      9      7
 -1.132850E+00  1.426314E-01  4.048252E-04      1      0      2     14      9      7
 -9.593314E-01  5.178351E-02  6.296772E-04      1      0      2     14      9      7
 -1.233841E+00  2.108443E-01  9.594273E-03      1      0      2     14      9      7
 -1.220574E+00  3.403546E-01  6.909353E-03      1      0      2     14      9      7
 -1.493222E+00  2.037937E-01  6.231866E-05      1      0      2     14      9      7
 -1.147197E+00  1.747426E-01  1.129669E-04      1      0      2     14      9      7
 -1.584193E+00  2.606185E-01  5.385113E-05      1      0      2     14      9      7
 -6.487863E-01  1.770966E-01  3.126963E-03      1      0      2     14      9      7
 -7.002874E-01  5.129278E-02  3.137653E-04      1      0      2     14      9      7
 -1.037010E+00  1.269439E-01  6.546216E-04      1      0      2     14      9      7
 -6.289558E-01 -5.444572E-02  1.117112E-04      1      0      2     14      9      7
 -6.782135E-01  1.413092E-01  6.604335E-04      1      0      2     14      9      7
 -1.300848E+00  2.737982E-01  1.166407E-04      1      0      2     14      9      7
 -1.210706E+00  3.245593E-01  3.659959E-04      1      0      2     14      9      7
 -9.509804E-01  1.651720E-01  5.056338E-04      1      0      2     14      9      7
 -1.060989E+00  1.621608E-01  1.003123E-04      1      0      2     14      9      7
 -1.357884E+00  2.871395E-01  8.248207E-03      1      0      2     14      9      7
 -9.739937E-01  1.391510E-01  2.662394E-03      1      0      2     14      9      7
 -7.146101E-01 -6.488344E-02  7.948704E-04      1      0      2     14      9      7
 -1.041758E+00  1.137934E-01  2.575513E-04      1      0      2     14      9      7
 -7.779409E-01  8.891644E-02  1.945114E-04      1      0      2     14      9      7
 -7.592936E-01  2.266350E-01  5.795762E-03      1      0      2     14      9      7
 -1.288080E+00  2.827309E-02  7.756530E-06      1      1      2     14      7      1
 -3.968793E+00  3.565804E-01  2.690732E-05      1      1      2     14      7      1
 -1.309739E+00  2.269310E-02  2.463432E-05      1      1      2     14      7      1
 -1.179812E+00  4.232567E-02  5.986239E-05      1      1      2     14      7      1
 -1.627734E+00  4.283558E-01  1.462092E-05      1      1      2     14      7      1
 -2.305000E+00  3.291120E-01  8.492560E-07      1      1      2     14      7      1
 -1.433986E+00  3.114585E-01  3.307258E-06      1      1      2     14      7      1
 -1.450453E+00  3.943628E-01  1.929588E-05      1      1      2     14      7      1
 -1.400630E+00  1.867555E-01  6.231866E-05      1      1      2     14      7      1
 -1.717241E+00  3.785198E-01  1.680355E-06      1      1      2     14      7      1
 -1.289175E+00  9.897728E-02  4.406001E-05      1      1      2     14      7      1
 -1.476469E+00  4.039212E-01  1.461964E-04      1      1      2     14      7      1
 -1.784741E+00  2.635542E-01  1.234240E-06      1      1      2     14      7      1
 -1.092713E+00 -7.436098E-03  3.068717E-05      1      1      2     14      7      1
 -1.374208E+00  2.043635E-01  4.437394E-05      1      1      2     14      7      1
 -1.539259E+00  2.949274E-01  2.423852E-05      1      1      2     14      7      1
 -1.118402E+00  8.336418E-02  1.265591E-04      1      1      2     14      7      1
 -1.563060E+00  3.437991E-01  1.753407E-04      1      1      2     14      7      1
 -1.530063E+00  2.764039E-01  4.749623E-05      1      1      2     14      7      1
 -1.631447E+00  2.656949E-01  2.007306E-06      1      1      2     14      7      1
 -1.281063E+00  1.779569E-01  1.987706E-05      1      1      2     14      7      1
 -1.584460E+00  3.019941E-01  1.518513E-06      1      1      2     14      7      1
 -1.344264E+00  1.514060E-01  7.420544E-06      1      1      2     14      7      1
 -1.218211E+00  8.451438E-02  4.741563E-05      1      1      2     14      7      1
 -1.247880E+00  8.420564E-02  2.482947E-05      1      1      2     14      7      1
 -1.502355E+00  2.505178E-01  1.154698E-05      1      1      2     14      7      1
 -1.285470E+00  1.787329E-01  2.719707E-05      1      1      2     14      7      1
 -1.180294E+00  8.319860E-02  2.663370E-05      1      1      2     14      7      1
 -2.505857E+00  3.960227E-01  2.939243E-05      1      1      2     14      7      1
 -3.934404E+00  5.564886E-01  1.409021E-08      1      1      2     14      7      1
 -1.317441E+00  1.954529E-01  1.614303E-05      1      1      2     14      7      1
 -1.132298E+00 -1.218578E-01  5.092397E-05      1      1      2     14      7      1
 -1.533839E+00  2.831036E-01  2.222048E-05      1      1      2     14      7      1
 -1.635951E+00  3.834674E-01  1.087374E-05      1      1      2     14      7      1
 -1.155005E+00  2.400215E-01  3.120727E-05      1      1      2     14      7      1
 -1.191551E+00  1.285574E-01  1.320952E-05      1      1      2     14      7      1
 -1.410275E+00  2.172754E-01  1.640224E-05      1      1      2     14      7      1
 -1.925180E+00  2.785809E-01  3.803389E-06      1      1      2     14      7      1
 -1.382712E+00  1.797198E-01  4.883254E-06      1      1      2     14      7      1
 -1.508489E+00  2.057266E-01  1.910879E-05      1      1      2     14      7      1
 -1.502055E+00  2.019828E-01  2.293106E-05      1      1      2     14      7      1
 -1.469445E+00  2.217476E-01  9.425007E-06      1      1      2     14      7      1
 -1.527306E+00  1.331214E-01  2.421943E-06      1      1      2     14      7      1
 -2.087976E+00  4.507032E-01  1.551179E-05      1      1      2     14      7      1
 -1.269864E+00  2.404007E-01  4.837862E-05      1      1      2     14      7      1
 -1.368097E+00  2.903663E-01  8.133666E-06      1      1      2     14      7      1
 -1.329394E+00  9.742908E-02  2.777995E-05      1      1      2     14      7      1
 -1.270824E+00 -4.259388E-02  1.088858E-04      1      1      2     14      7      1
 -1.576607E+00  2.194041E-01  1.260245E-04      1      1      2     14      7      1
 -1.907549E+00  3.707788E-01  3.235564E-06      1      1      2     14      7      1
 -1.546270E+00  1.671623E-01  1.018904E-04      1      1      2     14      7      1
 -1.473690E+00  2.432616E-01  2.348128E-05      1      1      2     14      7      1
 -1.295393E+00  2.288466E-01  2.851556E-05      1      1      2     14      7      1
 -2.086041E+00  3.347639E-01  5.505592E-07      1      1      2     14      7      1
 -1.226956E+00  3.524547E-02  3.409751E-05      1      1      2     14      7      1
 -1.356716E+00  2.245837E-01  2.632528E-05      1      1      2     14      7      1
 -1.238698E+00 -1.160905E-01  1.779921E-05      1      1      2     14      7      1
 -1.306245E+00 -4.714076E-02  1.611207E-05      1      1      2     14      7      1
 -1.463653E+00  2.467688E-01  8.537953E-06      1      1      2     14      7      1
 -1.164912E+00  1.485893E-01  5.983694E-05      1      1      2     14      7      1
 -1.546200E+00  1.123928E-01  3.825873E-06      1      1      2     14      7      1
 -1.417537E+00  1.367077E-01  1.660077E-05      1      1      2     14      7      1
 -1.174029E+00 -5.559568E-02  4.114389E-05      1      1      2     14      7      1
 -1.246124E+00  1.535673E-01  8.555346E-05      1      1      2     14      7      1
 -1.174537E+00 -8.041790E-02  6.543671E-06      1      1      2     14      7      1
 -1.119342E+00 -7.826542E-02  9.145443E-06      1      1      2     14      7      1
 -1.263416E+00  2.127413E-01  1.047454E-05      1      1      2     14      7      1
 -1.241528E+00  2.460395E-01  4.837013E-05      1      1      2     14      7      1
 -1.165319E+00  2.057463E-01  6.271319E-05      1      1      2     14      7      1
 -1.227481E+00  1.029511E-01  1.393622E-04      1      1      2     14      7      1
 -1.379910E+00  2.564202E-01  1.060223E-04      1      1      2     14      7      1
 -1.258822E+00  2.108585E-01  5.061429E-05      1      1      2     14      7      1
 -1.297915E+00  2.313190E-01  2.979757E-05      1      1      2     14      7      1
 -1.295408E+00 -2.029443E-02  1.956780E-05      1      1      2     14      7      1
 -1.558496E+00  3.180171E-01  3.040293E-05      1      1      2     14      7      1
 -1.602498E+00  2.014865E-01  3.337590E-06      1      1      2     14      7      1
 -2.971505E+00  4.265787E-01  7.330608E-05      1      1      2     14      7      1
 -1.689388E+00  2.445670E-01  3.046318E-05      1      1      2     14      7      1
 -1.561582E+00  2.919932E-01  1.551942E-05      1      1      2     14      7      1
 -1.700151E+00  3.598746E-01  1.191733E-05      1      1      2     14      7      1
 -1.728464E+00  3.619279E-01  3.834358E-07      1      1      2     14      7      1
 -1.322892E+00  1.202851E-01  8.005126E-06      1      1      2     14      7      1
 -1.585227E+00  1.588891E-01  2.442645E-07      1      1      2     14      7      1
 -1.206279E+00  1.682738E-01  3.199039E-05      1      1      2     14      7      1
 -1.487103E+00  2.582738E-01  3.706921E-05      1      1      2     14      7      1
 -1.447605E+00  2.112323E-01  6.233563E-06      1      1      2     14      7      1
 -1.071717E+00 -3.888114E-02  3.938208E-05      1      1      2     14      7      1
 -1.418410E+00  1.711744E-01  5.471654E-06      1      1      2     14      7      1
 -1.534963E+00  2.333545E-01  3.150889E-05      1      1      2     14      7      1
 -1.352675E+00 -8.256981E-02  2.451681E-06      1      1      2     14      7      1
 -1.623696E+00  2.705279E-01  3.239891E-06      1      1      2     14      7      1
 -1.960023E+00  3.361610E-01  2.553113E-07      1      1      2     14      7      1
 -2.029738E+00  3.464393E-01  2.673466E-06      1      1      2     14      7      1
 -1.417656E+00  2.493639E-01  4.691929E-06      1      1      2     14      7      1
 -1.330201E+00  1.277001E-01  5.424989E-06      1      1      2     14      7      1
 -1.386000E+00  1.442590E-01  3.248843E-05      1      1      2     14      7      1
 -1.368833E+00  2.104005E-01  6.548337E-07      1      1      2     14      7      1
 -1.437828E+00  2.188264E-01  4.645264E-05      1      1      2     14      7      1
 -1.321686E+00  3.446721E-02  5.883153E-05      1      1      2     14      7      1
 -1.311961E+00  1.278012E-01  7.509207E-06      1      1      2     14      7      1
 -1.293903E+00 -1.138352E-01  2.059273E-05      1      1      2     14      7      1
 -1.518735E+00  2.103916E-01  5.311297E-06      1      1      2     14      7      1
 -1.316438E+00  8.216633E-02  6.980198E-06      1      1      2     14      7      1
 -1.129009E+00  5.821214E-02  7.222431E-06      1      1      2     14      7      1
 -1.398057E+00  2.250255E-01  1.753152E-06      1      1      2     14      7      1
 -1.585698E+00  2.599245E-01  2.368448E-06      1      1      2     14      7      1
 -1.758642E+00  3.888927E-01  1.102009E-05      1      1      2     14      7      1
 -1.460471E+00  2.017787E-01  3.905543E-06      1      1      2     14      7      1
 -1.613538E+00  3.450603E-01  7.644959E-06      1      1      2     14      7      1
 -1.199626E+00 -2.539678E-02  4.159993E-06      1      1      2     14      7      1
 -1.351570E+00  2.294113E-01  1.094416E-04      1      1      2     14      7      1
 -1.268713E+00  1.237923E-01  9.150109E-05      1      1      2     14      7      1
 -1.562999E+00  2.280788E-01  1.444062E-05      1      1      2     14      7      1
 -1.292929E+00 -1.324959E-02  2.686702E-06      1      1      2     14      7      1
 -1.422128E+00  1.250614E-01  1.745728E-06      1      1      2     14      7      1
 -1.475510E+00  2.384355E-01  1.057551E-06      1      1      2     14      7      1
 -1.572476E+00  3.548687E-01  1.063914E-05      1      1      2     14      7      1
 -1.270015E+00  8.576283E-02  2.703077E-05      1      1      2     14      7      1
 -1.206865E+00  1.100200E-01  9.836930E-05      1      1      2     14      7      1
 -1.210160E+00  1.784183E-01  1.598056E-04      1      1      2     14      7      1
 -1.545376E+00 -1.424143E-01  8.464986E-08      1      1      2     14      7      1
 -1.556929E+00  2.199660E-01  3.361644E-06      1      1      2     14      7      1
 -1.342535E+00  2.425001E-01  1.041260E-05      1      1      2     14      7      1
 -1.060318E+00 -4.109846E-02  3.757997E-05      1      1      2     14      7      1
 -1.375847E+00  1.127014E-01  2.614541E-06      1      1      2     14      7      1
 -1.489362E+00  2.985759E-01  1.198139E-05      1      1      2     14      7      1
