 -1.048738E+00 -1.147781E-01  1.240706E-05      0      0      0      2      9      7
 -1.165526E+00  7.487567E-02  9.674726E-05      0      0      0      2      9      7
 -1.020697E+00 -4.562788E-02  6.923103E-05      0      0      0      2      9      7
 -9.765615E-01 -9.648380E-02  4.870670E-05      0      0      0      2      9      7
 -1.268824E+00  9.840462E-02  6.588467E-06      0      0      0      2      9      7
 -1.257185E+00  9.972595E-02  9.405245E-05      0      0      0      2      9      7
 -1.122678E+00  1.137232E-01  7.427663E-05      0      0      0      2      9      7
 -1.170030E+00  8.790820E-02  5.675256E-05      0      0      0      2      9      7
 -1.080810E+00 -3.934080E-02  1.072763E-05      0      0      0      2      9      7
 -1.309804E+00  8.818976E-02  2.246803E-05      0      0      0      2      9      7
 -1.048565E+00 -5.397616E-02  1.776280E-05      0      0      0      2      9      7
 -9.584484E-01 -7.012659E-02  1.536927E-05      0      0      0      2      9      7
 -9.449175E-01 -3.865612E-02  6.064100E-05      0      0      0      2      9      7
 -1.100820E+00  2.074254E-02  6.386748E-05      0      0      0      2      9      7
 -1.237082E+00  5.681452E-02  4.959281E-05      0      0      0      2      9      7
 -1.134990E+00  8.749126E-04  7.606448E-05      0      0      0      2      9      7
 -1.012371E+00 -7.379004E-02  1.414123E-05      0      0      0      2      9      7
 -1.161006E+00  1.117782E-01  1.419491E-05      0      0      0      2      9      7
 -1.393098E+00  2.606724E-01  6.178252E-05      0      0      0      2      9      7
 -1.000040E+00 -5.665838E-02  6.516536E-05      0      0      0      2      9      7
 -1.181715E+00 -7.566155E-02  7.789403E-06      0      1      0      2      7      1
 -1.476953E+00 -2.057284E-01  4.322431E-06      0      1      0      2      7      1
 -1.405416E+00  2.980902E-01  6.432616E-04      1      0      2     14      9      7
 -7.592731E-01  6.504229E-02  1.828456E-03      1      0      2     14      9      7
 -9.387744E-01  1.380580E-01  2.869736E-04      1      0      2     14      9      7
 -5.835436E-01 -3.863973E-02  2.784618E-04      1      0      2     14      9      7
 -7.646510E-01  1.707732E-01  1.648628E-03      1      0      2     14      9      7
 -7.567380E-01 -1.479347E-01  4.118313E-04      1      0      2     14      9      7
 -7.814012E-01  2.099543E-01  6.370068E-04      1      0      2     14      9      7
 -9.016219E-01  1.387200E-01  6.375280E-04      1      0      2     14      9      7
 -9.703121E-01  1.115660E-01  6.709395E-04      1      0      2     14      9      7
 -6.725894E-01 -6.329489E-03  8.091201E-05      1      0      2     14      9      7
 -7.414540E-01  1.532762E-01  5.489173E-04      1      0      2     14      9      7
 -1.366794E+00  2.725658E-01  2.287459E-04      1      0      2     14      9      7
 -5.554937E-01 -7.234845E-02  7.721642E-04      1      0      2     14      9      7
 -1.767574E+00  3.766954E-01  5.522011E-04      1      0      2     14      9      7
 -5.108321E-01 -7.292810E-02  2.650868E-04      1      0      2     14      9      7
 -7.022612E-01  3.957111E-02  3.853315E-04      1      0      2     14      9      7
 -1.023909E+00  2.311940E-01  8.846998E-04      1      0      2     14      9      7
 -1.083458E+00  1.876160E-01  1.329734E-04      1      0      2     14      9      7
 -7.393610E-01  1.108956E-01  2.421679E-03      1      0      2     14      9      7
 -1.095109E+00  2.419216E-01  8.211607E-04      1      0      2     14      9      7
 -1.241922E+00  1.188694E-01  1.463745E-05      1      0      2     14      9      7
 -1.243160E+00  1.667933E-01  7.764905E-04      1      0      2     14      9      7
 -8.302680E-01  2.427120E-01  1.141827E-03      1      0      2     14      9      7
 -1.605469E+00  2.901223E-01  1.432783E-03      1      0      2     14      9      7
 -1.405863E+00  2.507179E-01  1.405522E-04      1      0      2     14      9      7
 -1.476514E+00  4.042258E-01  2.241121E-04      1      0      2     14      9      7
 -7.514891E-01  1.627978E-01  8.799044E-04      1      0      2     14      9      7
 -1.380821E+00  2.413839E-01  3.444246E-04      1      0      2     14      9      7
 -4.544171E-01 -4.292362E-02  9.847778E-04      1      0      2     14      9      7
 -9.792703E-01  1.171735E-01  1.616207E-03      1      0      2     14      9      7
 -4.792108E-01  1.799187E-02  1.451131E-03      1      0      2     14      9      7
 -8.077357E-01  2.290315E-01  2.235492E-03      1      0      2     14      9      7
 -1.069780E+00  2.490254E-01  5.415678E-03      1      0      2     14      9      7
 -1.053786E+00  2.643691E-01  4.564025E-04      1      0      2     14      9      7
 -6.415356E-01  6.264935E-03  3.057174E-03      1      0      2     14      9      7
 -1.737527E+00  3.907801E-01  2.678962E-04      1      0      2     14      9      7
 -1.295744E+00  2.676356E-01  2.669163E-04      1      0      2     14      9      7
 -1.031414E+00  1.971369E-01  1.974142E-03      1      0      2     14      9      7
 -1.364293E+00  2.988566E-01  5.382840E-03      1      0      2     14      9      7
 -8.631862E-01  2.537787E-01  4.843201E-04      1      0      2     14      9      7
 -1.093047E+00  2.507658E-01  5.910856E-04      1      0      2     14      9      7
 -5.195926E-01 -9.126068E-02  1.110709E-03      1      0      2     14      9      7
 -6.753707E-01  6.608428E-02  9.099799E-04      1      0      2     14      9      7
 -1.408620E+00  3.040978E-01  5.502725E-04      1      0      2     14      9      7
 -1.511473E+00  2.774696E-01  3.389933E-03      1      0      2     14      9      7
 -1.180390E+00  3.333824E-01  8.115699E-04      1      0      2     14      9      7
 -1.264567E+00  2.365664E-01  5.021100E-04      1      0      2     14      9      7
 -1.036292E+00 -2.842745E-03  1.106487E-04      1      0      2     14      9      7
 -8.931966E-01  1.238044E-01  6.081301E-04      1      0      2     14      9      7
 -1.003029E+00  6.807987E-02  3.053004E-05      1      0      2     14      9      7
 -7.214824E-01  1.406645E-01  2.335883E-03      1      0      2     14      9      7
 -1.167219E+00  2.009382E-01  1.309093E-04      1      0      2     14      9      7
 -5.936133E-01 -1.641084E-02  1.335937E-03      1      0      2     14      9      7
 -7.902243E-01  1.096932E-01  9.559532E-05      1      0      2     14      9      7
 -4.774958E-01  2.425170E-02  5.295793E-04      1      0      2     14      9      7
 -4.239396E-01 -9.090846E-02  3.354802E-04      1      0      2     14      9      7
 -1.641859E+00  3.896932E-01  1.359236E-03      1      0      2     14      9      7
 -9.634437E-01  1.528465E-01  2.446802E-03      1      0      2     14      9      7
 -9.028247E-01 -3.044773E-03  2.652014E-04      1      0      2     14      9      7
 -8.587827E-01  1.558812E-01  3.207916E-04      1      0      2     14      9      7
 -1.133363E+00  1.607812E-01  1.611620E-03      1      0      2     14      9      7
 -7.646927E-01  1.205803E-01  6.394045E-04      1      0      2     14      9      7
 -9.097338E-01  6.353809E-02  8.921535E-05      1      0      2     14      9      7
 -9.210987E-01  2.075600E-01  1.824390E-04      1      0      2     14      9      7
 -1.099724E+00  2.146429E-01  5.585602E-04      1      0      2     14      9      7
 -1.480140E+00  2.755778E-01  2.425849E-04      1      0      2     14      9      7
 -1.732813E+00  2.802820E-01  4.203015E-03      1      0      2     14      9      7
 -1.268772E+00  2.390477E-01  1.647013E-03      1      0      2     14      9      7
 -6.835411E-01  1.257446E-01  2.380449E-03      1      0      2     14      9      7
 -1.030339E+00  1.776392E-01  1.798902E-04      1      0      2     14      9      7
 -1.135180E+00 -5.138664E-02  1.012612E-05      1      0      2     14      9      7
 -7.752066E-01  1.449315E-01  5.792534E-04      1      0      2     14      9      7
 -7.137797E-01  1.015840E-01  5.463632E-03      1      0      2     14      9      7
 -1.349828E+00  2.190608E-01  2.420167E-04      1      0      2     14      9      7
 -1.381740E+00  2.955548E-01  1.158246E-04      1      0      2     14      9      7
 -1.549634E+00  2.836684E-01  3.051388E-04      1      0      2     14      9      7
 -4.581549E-01 -5.864000E-02  2.678754E-04      1      0      2     14      9      7
 -1.019935E+00  2.049637E-01  1.064840E-03      1      0      2     14      9      7
 -8.363369E-01 -4.654834E-02  8.995030E-05      1      0      2     14      9      7
 -5.944711E-01  9.388924E-02  8.736495E-04      1      0      2     14      9      7
 -2.123637E+00  3.366163E-01  5.892091E-03      1      0      2     14      9      7
 -8.877338E-01  1.414658E-01  3.318263E-04      1      0      2     14      9      7
 -7.054379E-01  4.535132E-02  5.392222E-04      1      0      2     14      9      7
 -1.260504E+00  3.282255E-01  2.411202E-04      1      0      2     14      9      7
 -7.962120E-01  2.347057E-01  2.340730E-04      1      0      2     14      9      7
 -9.208995E-01  2.384465E-01  8.891824E-04      1      0      2     14      9      7
 -7.137364E-01  2.260321E-01  1.012403E-03      1      0      2     14      9      7
 -8.737915E-01  1.445016E-01  1.419231E-03      1      0      2     14      9      7
 -1.126235E+00  1.934995E-01  7.326542E-04      1      0      2     14      9      7
 -7.972367E-01 -2.499308E-02  1.834919E-04      1      0      2     14      9      7
 -1.167076E+00  1.953637E-01  5.359906E-04      1      0      2     14      9      7
 -6.699039E-01  1.608381E-01  2.638514E-03      1      0      2     14      9      7
 -9.213032E-01  1.508609E-01  4.669368E-04      1      0      2     14      9      7
 -9.631418E-01  1.425185E-01  2.578937E-04      1      0      2     14      9      7
 -1.001895E+00  1.411006E-01  3.194312E-04      1      0      2     14      9      7
 -8.392051E-01  1.184091E-01  1.272710E-03      1      0      2     14      9      7
 -6.466331E-01  1.252761E-01  2.284228E-03      1      0      2     14      9      7
 -7.984222E-01  1.538918E-01  1.617823E-03      1      0      2     14      9      7
 -6.506556E-01  1.064503E-01  4.122587E-04      1      0      2     14      9      7
 -7.358323E-01  1.330744E-01  1.502369E-03      1      0      2     14      9      7
 -9.666796E-01  1.774662E-01  1.544850E-03      1      0      2     14      9      7
 -6.553013E-01  9.795863E-02  2.546307E-03      1      0      2     14      9      7
 -1.244605E+00  2.407942E-01  7.262951E-04      1      0      2     14      9      7
 -1.936374E+00  4.483911E-01  3.038305E-03      1      0      2     14      9      7
 -4.626574E-01 -3.042810E-02  2.197963E-03      1      0      2     14      9      7
 -1.053399E+00  2.110367E-01  3.810990E-03      1      0      2     14      9      7
 -7.893187E-01  5.563021E-02  1.095906E-04      1      0      2     14      9      7
 -1.085942E+00  2.739830E-01  6.332538E-04      1      0      2     14      9      7
 -1.094665E+00  2.618919E-01  1.997755E-04      1      0      2     14      9      7
 -8.874936E-01  1.258493E-01  8.821457E-04      1      0      2     14      9      7
 -1.767839E+00  4.202021E-01  8.091201E-05      1      0      2     14      9      7
 -8.986868E-01  2.133322E-01  2.577269E-04      1      0      2     14      9      7
 -1.066283E+00  2.266536E-01  4.017193E-03      1      0      2     14      9      7
 -7.851607E-01  1.113911E-01  2.467600E-03      1      0      2     14      9      7
 -4.908113E-01  9.721010E-03  6.596807E-04      1      0      2     14      9      7
 -1.670268E+00  3.517393E-01  1.681154E-04      1      0      2     14      9      7
 -1.523270E+00  2.832288E-01  1.338022E-04      1      0      2     14      9      7
 -8.185238E-01  2.203918E-01  3.468536E-03      1      0      2     14      9      7
 -7.757478E-01  1.434283E-01  2.500073E-04      1      0      2     14      9      7
 -1.208829E+00  3.213936E-01  1.053321E-03      1      0      2     14      9      7
 -8.605503E-01  1.018685E-01  8.415411E-04      1      0      2     14      9      7
 -1.338632E+00  2.104657E-01  2.421679E-03      1      0      2     14      9      7
 -5.751114E-01  8.045939E-04  2.278651E-03      1      0      2     14      9      7
 -9.515225E-01  1.332384E-01  8.463365E-05      1      0      2     14      9      7
 -4.709578E-01  2.749833E-02  3.190611E-04      1      0      2     14      9      7
 -7.340983E-01  1.853791E-01  1.968461E-04      1      0      2     14      9      7
 -1.433395E+00  2.812180E-01  2.246229E-03      1      0      2     14      9      7
 -7.046657E-01  1.312567E-02  1.753293E-03      1      0      2     14      9      7
 -1.133617E+00  3.660858E-02  3.551101E-05      1      0      2     14      9      7
 -8.138698E-01  2.572681E-01  3.381541E-03      1      0      2     14      9      7
 -8.408503E-01  1.711920E-01  2.234554E-04      1      0      2     14      9      7
 -1.329815E+00  1.254671E-01  1.769504E-03      1      0      2     14      9      7
 -2.194727E+00  3.053450E-01  4.125141E-04      1      0      2     14      9      7
 -1.252333E+00  2.961000E-01  7.391176E-05      1      0      2     14      9      7
 -1.103366E+00  1.177821E-01  3.392852E-04      1      0      2     14      9      7
 -1.186932E+00  2.781500E-01  1.425277E-03      1      0      2     14      9      7
 -9.116385E-01  1.202672E-01  4.384145E-04      1      0      2     14      9      7
 -1.634665E+00  3.206173E-01  5.803480E-04      1      0      2     14      9      7
 -7.609642E-01  4.201385E-02  2.236274E-03      1      0      2     14      9      7
 -7.193987E-01  2.255693E-02  2.957773E-04      1      0      2     14      9      7
 -1.104839E+00  1.861676E-01  6.429489E-04      1      0      2     14      9      7
 -3.940600E-01 -4.850745E-02  1.296010E-04      1      0      2     14      9      7
 -6.641381E-01  3.210958E-02  1.096323E-03      1      0      2     14      9      7
 -5.117934E-01 -1.385005E-02  5.473015E-04      1      0      2     14      9      7
 -1.081547E+00  1.417206E-01  1.455144E-03      1      0      2     14      9      7
 -1.244030E+00  1.775216E-01  1.342713E-04      1      0      2     14      9      7
 -8.085009E-01  1.846980E-01  2.236117E-03      1      0      2     14      9      7
 -8.981145E-01  1.563177E-01  9.473006E-04      1      0      2     14      9      7
 -9.718689E-01  1.853344E-01  7.661178E-04      1      0      2     14      9      7
 -1.820703E+00  4.220593E-01  3.741196E-04      1      0      2     14      9      7
 -6.998281E-01 -9.674335E-03  3.763245E-04      1      0      2     14      9      7
 -6.406529E-01  1.383571E-01  6.290839E-04      1      0      2     14      9      7
 -4.561216E-01 -9.499652E-02  1.737812E-03      1      0      2     14      9      7
 -1.246811E+00  2.529305E-01  2.481517E-04      1      0      2     14      9      7
 -4.347198E-01 -4.108864E-03  7.971837E-05      1      0      2     14      9      7
 -7.839681E-01  6.254493E-02  2.497467E-03      1      0      2     14      9      7
 -8.518138E-01  2.931243E-01  1.214749E-03      1      0      2     14      9      7
 -1.111871E+00  1.212439E-01  1.931140E-05      1      0      2     14      9      7
 -9.141563E-01  1.675011E-01  1.653007E-04      1      0      2     14      9      7
 -8.137716E-01  1.346848E-01  4.903196E-05      1      0      2     14      9      7
 -7.050454E-01  1.603584E-01  1.654206E-03      1      0      2     14      9      7
 -1.633065E+00  3.514547E-01  6.733893E-04      1      0      2     14      9      7
 -7.083608E-01  1.691289E-01  3.438356E-03      1      0      2     14      9      7
 -2.200438E+00  3.770515E-01  4.424333E-03      1      0      2     14      9      7
 -1.075422E+00  3.124861E-01  2.308048E-03      1      0      2     14      9      7
 -8.662078E-01  8.345727E-02  3.003017E-04      1      0      2     14      9      7
 -9.192497E-01  2.021426E-01  4.329571E-04      1      0      2     14      9      7
 -8.935144E-01  1.614168E-01  4.619276E-04      1      0      2     14      9      7
 -8.017970E-01 -1.586707E-01  2.370389E-05      1      0      2     14      9      7
 -4.796691E-01 -3.718998E-02  2.744951E-04      1      0      2     14      9      7
 -2.425027E+00  4.820401E-01  1.042166E-03      1      0      2     14      9      7
 -9.426751E-01  1.183979E-01  1.401457E-04      1      0      2     14      9      7
 -7.230707E-01  5.595753E-02  6.033868E-04      1      0      2     14      9      7
 -7.211743E-01  9.707345E-02  1.906225E-03      1      0      2     14      9      7
 -7.009509E-01  1.332515E-01  1.172893E-03      1      0      2     14      9      7
 -8.780384E-01  1.887183E-01  1.366638E-03      1      0      2     14      9      7
 -9.332664E-01  2.301302E-01  3.509870E-04      1      0      2     14      9      7
 -9.110155E-01  1.736581E-01  9.245746E-04      1      0      2     14      9      7
 -6.494901E-01  6.871614E-02  1.664735E-04      1      0      2     14      9      7
 -1.158111E+00  1.784305E-01  7.448512E-04      1      0      2     14      9      7
 -9.944907E-01  9.454462E-02  5.396393E-05      1      0      2     14      9      7
 -1.136442E+00  2.528814E-01  3.473748E-03      1      0      2     14      9      7
 -8.107072E-01  1.404562E-01  2.579771E-03      1      0      2     14      9      7
 -7.627614E-01  3.007753E-02  5.171426E-04      1      0      2     14      9      7
 -5.111134E-01  6.409256E-02  8.349214E-04      1      0      2     14      9      7
 -7.219568E-01  8.607481E-02  2.513730E-03      1      0      2     14      9      7
 -1.159884E+00  1.999609E-01  3.306378E-03      1      0      2     14      9      7
 -1.213132E+00  1.553548E-01  3.815994E-04      1      0      2     14      9      7
 -1.526386E+00  3.215883E-01  1.976905E-04      1      0      2     14      9      7
 -1.193471E+00  3.051255E-01  3.173462E-04      1      0      2     14      9      7
 -9.608142E-01  9.122911E-02  2.585713E-03      1      0      2     14      9      7
 -9.807045E-01  1.638642E-01  5.176221E-04      1      0      2     14      9      7
 -5.375626E-01  7.025414E-02  4.035697E-04      1      0      2     14      9      7
 -1.010186E+00  1.765073E-01  2.366010E-04      1      0      2     14      9      7
 -1.645528E+00  4.147411E-01  7.957242E-05      1      0      2     14      9      7
 -1.120361E+00  1.123111E-01  4.534158E-04      1      0      2     14      9      7
 -9.756426E-01  1.221326E-01  3.545732E-04      1      0      2     14      9      7
 -1.575427E+00  2.605798E-01  1.229031E-03      1      0      2     14      9      7
 -1.034580E+00  2.445091E-01  1.596296E-03      1      0      2     14      9      7
 -1.122359E+00  2.106129E-01  1.520403E-04      1      0      2     14      9      7
 -1.269322E+00  3.256517E-01  1.530359E-03      1      0      2     14      9      7
 -6.361226E-01  4.972162E-02  1.664735E-03      1      0      2     14      9      7
 -8.560217E-01 -5.235520E-02  3.705596E-04      1      0      2     14      9      7
 -7.505482E-01  6.989177E-02  2.466140E-03      1      0      2     14      9      7
 -5.849306E-01  2.576718E-02  1.813027E-03      1      0      2     14      9      7
 -6.765858E-01  1.127046E-01  1.434607E-03      1      0      2     14      9      7
 -1.253757E+00  3.064636E-01  1.618449E-03      1      0      2     14      9      7
 -7.454147E-01  8.321202E-02  4.442889E-03      1      0      2     14      9      7
 -5.042221E-01 -9.647046E-02  5.109346E-04      1      0      2     14      9      7
 -1.052413E+00  2.742436E-01  1.461712E-03      1      0      2     14      9      7
 -1.053399E+00  2.110367E-01  3.810990E-03      1      0      2     14      9      7
 -4.203020E-01 -1.177328E-01  1.315191E-03      1      0      2     14      9      7
 -1.295963E+00  2.276162E-01  2.699916E-04      1      0      2     14      9      7
 -8.541653E-01  1.514411E-01  8.834488E-05      1      0      2     14      9      7
 -6.203530E-01  7.573509E-02  2.274011E-03      1      0      2     14      9      7
 -1.010909E+00  1.307565E-01  6.730244E-04      1      0      2     14      9      7
 -8.660586E-01  2.454139E-01  3.979247E-04      1      0      2     14      9      7
 -5.852446E-01  1.209834E-01  4.407028E-04      1      0      2     14      9      7
 -6.570314E-01  1.106280E-01  2.527907E-03      1      0      2     14      9      7
 -1.743912E+00  3.698418E-01  2.017301E-04      1      0      2     14      9      7
 -1.218799E+00  2.336579E-01  3.332180E-04      1      0      2     14      9      7
 -1.352757E+00  3.233422E-01  2.367574E-04      1      0      2     14      9      7
 -8.748381E-01  1.821428E-01  3.094338E-04      1      0      2     14      9      7
 -7.333905E-01  4.706707E-02  4.068587E-04      1      0      2     14      9      7
 -6.492407E-01  9.118296E-02  2.052745E-03      1      0      2     14      9      7
 -8.099897E-01  1.634371E-01  9.434435E-05      1      0      2     14      9      7
 -1.157412E+00  2.232295E-01  5.166056E-04      1      0      2     14      9      7
 -9.657198E-01  2.617902E-01  3.126864E-03      1      0      2     14      9      7
 -1.010922E+00  1.722328E-01  2.251442E-03      1      0      2     14      9      7
 -1.048333E+00  2.185403E-01  4.543436E-04      1      0      2     14      9      7
 -7.762969E-01  9.014997E-02  7.085208E-04      1      0      2     14      9      7
 -5.049829E-01 -2.536154E-02  2.983679E-04      1      0      2     14      9      7
 -7.217973E-01 -8.739341E-02  2.041799E-04      1      0      2     14      9      7
 -1.038478E+00  1.554705E-01  3.455192E-03      1      0      2     14      9      7
 -8.141727E-01  1.008619E-01  6.247576E-04      1      0      2     14      9      7
 -7.570832E-01  7.870147E-02  1.970025E-04      1      0      2     14      9      7
 -1.135279E+00  1.781079E-01  4.694804E-04      1      0      2     14      9      7
 -7.181255E-01  9.507791E-02  6.094332E-04      1      0      2     14      9      7
 -1.713012E+00  3.588888E-01  2.618030E-04      1      0      2     14      9      7
 -6.860085E-01  1.785703E-01  1.176229E-03      1      0      2     14      9      7
 -1.072808E+00  1.938593E-01  2.366532E-03      1      0      2     14      9      7
 -1.248118E+00  2.362619E-01  1.660825E-03      1      0      2     14      9      7
 -8.194717E-01  1.084617E-01  1.731922E-03      1      0      2     14      9      7
 -1.559490E+00  3.056471E-01  6.668738E-04      1      0      2     14      9      7
 -9.604584E-01  1.778483E-01  8.297090E-04      1      0      2     14      9      7
 -9.616258E-01  1.311477E-01  2.549434E-04      1      0      2     14      9      7
 -1.409352E+00  2.180362E-01  5.152557E-04      1      0      2     14      9      7
 -1.168861E+00  1.995242E-01  2.204322E-04      1      0      2     14      9      7
 -6.700146E-01  1.264874E-01  1.086002E-03      1      0      2     14      9      7
 -1.388410E+00  3.079634E-01  1.530463E-03      1      0      2     14      9      7
 -7.083089E-01  6.445921E-02  3.376016E-04      1      0      2     14      9      7
 -1.034580E+00  2.445091E-01  1.596296E-03      1      0      2     14      9      7
 -1.054064E+00  1.327334E-01  1.700596E-03      1      0      2     14      9      7
 -8.702222E-01 -8.127121E-02  3.447582E-05      1      0      2     14      9      7
 -7.619536E-01  1.530190E-01  5.242627E-04      1      0      2     14      9      7
 -4.663506E-01 -8.366838E-02  1.932443E-03      1      0      2     14      9      7
 -7.539877E-01  2.706371E-02  1.720559E-03      1      0      2     14      9      7
 -1.118209E+00  1.756291E-01  2.519098E-03      1      0      2     14      9      7
 -9.006531E-01 -1.774932E-02  9.806600E-05      1      0      2     14      9      7
 -1.941152E+00  3.287444E-01  3.231945E-04      1      0      2     14      9      7
 -1.763720E+00  2.478109E-01  6.491517E-04      1      0      2     14      9      7
 -1.011003E+00 -9.673515E-02  1.069896E-04      1      0      2     14      9      7
 -8.540088E-01 -3.856547E-03  1.092205E-03      1      0      2     14      9      7
 -1.291306E+00  2.940553E-01  2.339896E-04      1      0      2     14      9      7
 -5.370057E-01  7.560610E-03  3.423449E-04      1      0      2     14      9      7
 -1.057257E+00  1.030660E-01  5.738847E-04      1      0      2     14      9      7
 -7.316438E-01  7.692503E-02  1.812402E-03      1      0      2     14      9      7
 -9.547306E-01  1.472974E-01  1.567576E-03      1      0      2     14      9      7
 -5.480311E-01 -1.062540E-01  2.667704E-04      1      0      2     14      9      7
 -9.283136E-01  1.820095E-01  2.776226E-05      1      0      2     14      9      7
 -1.218312E+00  2.859076E-01  4.200200E-03      1      0      2     14      9      7
 -9.423571E-01  8.310977E-02  4.593527E-04      1      0      2     14      9      7
 -1.291926E+00  4.163198E-01  7.454246E-04      1      0      2     14      9      7
 -9.460423E-01  8.100732E-02  4.555164E-04      1      0      2     14      9      7
 -9.843730E-01  1.864986E-01  2.331608E-03      1      0      2     14      9      7
 -9.597269E-01  2.111803E-01  2.864941E-03      1      0      2     14      9      7
 -1.276716E+00  2.068222E-01  2.374194E-04      1      0      2     14      9      7
 -1.288089E+00  2.353676E-01  3.517272E-04      1      0      2     14      9      7
 -7.784399E-01  1.315900E-01  5.954640E-04      1      0      2     14      9      7
 -7.546836E-01  2.014994E-01  8.109965E-04      1      0      2     14      9      7
 -7.024186E-01  1.574585E-01  2.920609E-03      1      0      2     14      9      7
 -1.190787E+00  1.694328E-01  2.549434E-03      1      0      2     14      9      7
 -6.803992E-01  1.144570E-01  3.742708E-03      1      0      2     14      9      7
 -8.204870E-01  1.001637E-01  2.669007E-04      1      0      2     14      9      7
 -1.549021E+00  3.390556E-01  3.058216E-04      1      0      2     14      9      7
 -6.752043E-01  7.163327E-02  1.676098E-03      1      0      2     14      9      7
 -8.538486E-01 -1.058035E-02  1.609483E-04      1      0      2     14      9      7
 -6.315402E-01  1.413454E-01  1.094447E-03      1      0      2     14      9      7
 -9.782823E-01  1.648742E-01  7.120131E-04      1      0      2     14      9      7
 -6.611090E-01  5.088778E-02  2.079798E-03      1      0      2     14      9      7
 -7.191376E-01  1.423449E-01  2.402184E-03      1      0      2     14      9      7
 -8.294708E-01  1.756661E-02  1.749280E-04      1      0      2     14      9      7
 -8.127650E-01  5.305259E-02  7.543378E-04      1      0      2     14      9      7
 -6.239502E-01  1.177164E-01  2.465567E-03      1      0      2     14      9      7
 -8.383533E-01  5.927163E-02  3.400566E-04      1      0      2     14      9      7
 -1.267004E+00  2.873576E-01  4.771218E-03      1      0      2     14      9      7
 -2.294426E+00  5.203323E-01  1.714617E-03      1      0      2     14      9      7
 -1.699275E+00  3.930877E-01  1.219075E-03      1      0      2     14      9      7
 -1.120574E+00  1.799153E-01  2.447115E-05      1      0      2     14      9      7
 -1.776355E+00  3.988642E-01  4.546720E-04      1      0      2     14      9      7
 -1.331966E+00  2.683332E-01  6.706788E-05      1      0      2     14      9      7
 -8.996543E-01  1.734342E-01  2.075836E-03      1      0      2     14      9      7
 -1.185108E+00  2.987906E-01  1.719986E-03      1      0      2     14      9      7
 -9.378843E-01  7.883359E-02  3.421520E-04      1      0      2     14      9      7
 -1.152237E+00  1.965033E-01  1.276620E-03      1      0      2     14      9      7
 -1.255032E+00  2.679944E-01  2.050712E-03      1      0      2     14      9      7
 -6.313393E-01 -4.937966E-02  2.382481E-04      1      0      2     14      9      7
 -1.232564E+00  3.009327E-01  8.075563E-04      1      0      2     14      9      7
 -1.621995E+00  2.970152E-01  1.257855E-04      1      0      2     14      9      7
 -1.075096E+00  2.219453E-01  6.124564E-04      1      0      2     14      9      7
 -9.785571E-01  6.306675E-03  1.916598E-04      1      0      2     14      9      7
 -7.574008E-01  1.628557E-01  4.278438E-04      1      0      2     14      9      7
 -8.810124E-01  1.447404E-01  9.159220E-04      1      0      2     14      9      7
 -7.312576E-01 -7.636480E-03  6.838141E-05      1      0      2     14      9      7
 -1.477437E+00  2.737166E-01  2.489075E-03      1      0      2     14      9      7
 -1.331426E+00  2.901860E-01  3.302417E-04      1      0      2     14      9      7
 -9.495801E-01  2.171086E-01  8.138633E-05      1      0      2     14      9      7
 -8.464666E-01  1.178014E-01  3.406926E-03      1      0      2     14      9      7
 -1.848396E+00  4.136564E-01  1.228197E-03      1      0      2     14      9      7
 -8.168922E-01 -7.111077E-02  5.198582E-04      1      0      2     14      9      7
 -4.408654E-01 -6.465363E-02  6.779241E-04      1      0      2     14      9      7
 -8.298792E-01  1.580664E-01  1.121864E-03      1      0      2     14      9      7
 -4.800344E-01 -2.579484E-02  5.361991E-04      1      0      2     14      9      7
 -1.321319E+00  2.481033E-01  7.796179E-04      1      0      2     14      9      7
 -1.177134E+00  2.368092E-01  1.210214E-04      1      0      2     14      9      7
 -8.927798E-01  3.919987E-02  3.124779E-04      1      0      2     14      9      7
 -7.995961E-01 -2.833064E-03  1.737083E-04      1      0      2     14      9      7
 -1.053195E+00  3.870725E-02  2.860197E-04      1      0      2     14      9      7
 -7.753473E-01  5.553804E-02  7.224379E-04      1      0      2     14      9      7
 -7.223694E-01  2.160098E-02  4.371114E-04      1      0      2     14      9      7
 -1.278190E+00  1.697419E-01  4.958134E-04      1      0      2     14      9      7
 -6.741046E-01  1.938683E-01  7.314032E-04      1      0      2     14      9      7
 -6.946785E-01  1.296105E-01  2.427256E-03      1      0      2     14      9      7
 -6.607410E-01  1.865304E-02  2.753812E-03      1      0      2     14      9      7
 -7.219139E-01  2.981922E-02  1.153816E-03      1      0      2     14      9      7
 -6.893721E-01  1.380872E-01  7.638765E-04      1      0      2     14      9      7
 -7.574655E-01  1.038859E-01  2.130254E-03      1      0      2     14      9      7
 -5.126184E-01 -4.298334E-02  8.822499E-04      1      0      2     14      9      7
 -1.309258E+00  1.950439E-01  2.888865E-04      1      0      2     14      9      7
 -9.948784E-01  1.450378E-01  5.199937E-04      1      0      2     14      9      7
 -8.378588E-01  1.824244E-01  1.281102E-04      1      0      2     14      9      7
 -1.237099E+00  2.649333E-01  2.600881E-04      1      0      2     14      9      7
 -6.262111E-01 -1.984466E-03  1.854726E-03      1      0      2     14      9      7
 -7.310361E-01  8.760739E-02  2.583993E-03      1      0      2     14      9      7
 -9.344165E-01  2.648553E-01  5.871763E-03      1      0      2     14      9      7
 -7.446487E-01  7.421899E-02  4.330718E-04      1      0      2     14      9      7
 -6.704105E-01 -3.269016E-03  2.895120E-04      1      0      2     14      9      7
 -9.199386E-01  1.001783E-01  4.873277E-04      1      0      2     14      9      7
 -4.033740E+00  4.173741E-01  1.499293E-03      1      0      2     14      9      7
 -1.130967E+00  2.646826E-01  3.610000E-03      1      0      2     14      9      7
 -9.589627E-01  1.574587E-01  3.499758E-05      1      0      2     14      9      7
 -1.211679E+00  2.501093E-01  7.698707E-04      1      0      2     14      9      7
 -1.044328E+00  1.001039E-01  1.568045E-04      1      0      2     14      9      7
 -4.656463E-01 -1.028327E-01  1.986809E-03      1      0      2     14      9      7
 -2.401131E+00  3.540559E-01  5.257743E-04      1      0      2     14      9      7
 -1.156960E+00  2.491103E-01  3.178101E-03      1      0      2     14      9      7
 -7.100176E-01  3.961036E-02  1.549801E-03      1      0      2     14      9      7
 -5.119651E-01 -1.623920E-01  2.329836E-03      1      0      2     14      9      7
 -9.570498E-01  8.933705E-02  6.499856E-05      1      0      2     14      9      7
 -6.048254E-01 -1.201469E-01  1.104454E-03      1      0      2     14      9      7
 -6.161605E-01  7.338810E-02  7.417238E-04      1      0      2     14      9      7
 -6.340200E-01  2.071787E-02  4.609112E-04      1      0      2     14      9      7
 -8.720949E-01  8.921584E-02  5.182788E-05      1      0      2     14      9      7
 -5.750818E-01  7.049551E-02  8.711997E-05      1      0      2     14      9      7
 -5.271141E-01  5.127185E-03  2.473229E-04      1      0      2     14      9      7
 -5.758905E-01 -5.024660E-02  1.832157E-03      1      0      2     14      9      7
 -1.090573E+00  1.830381E-01  8.935087E-04      1      0      2     14      9      7
 -8.016107E-01 -6.200260E-02  8.095891E-05      1      0      2     14      9      7
 -9.757096E-01  1.108995E-01  6.053154E-05      1      0      2     14      9      7
 -1.051167E+00  2.572080E-01  1.005419E-03      1      0      2     14      9      7
 -1.111516E+00  1.792128E-01  1.577427E-04      1      0      2     14      9      7
 -1.971538E+00  2.899427E-01  4.430536E-04      1      0      2     14      9      7
 -5.550884E-01  1.170294E-01  9.254607E-04      1      0      2     14      9      7
 -5.258491E-01  1.670434E-02  1.734424E-03      1      0      2     14      9      7
 -1.572155E+00  3.047605E-01  2.205573E-03      1      0      2     14      9      7
 -4.662138E-01 -1.093809E-01  6.893392E-04      1      0      2     14      9      7
 -7.439932E-01  1.735716E-01  1.004741E-04      1      0      2     14      9      7
 -5.018937E-01 -1.266232E-01  1.737135E-03      1      0      2     14      9      7
 -1.348935E+00  2.496152E-01  4.030380E-05      1      0      2     14      9      7
 -7.620670E-01  1.582518E-01  1.604896E-03      1      0      2     14      9      7
 -7.336161E-01  9.478654E-02  6.492038E-04      1      0      2     14      9      7
 -5.064352E-01 -2.117823E-02  5.277029E-04      1      0      2     14      9      7
 -1.204256E+00  1.245656E-01  4.507575E-04      1      0      2     14      9      7
 -1.414863E+00  2.690970E-01  1.017772E-03      1      0      2     14      9      7
 -9.319036E-01  2.099330E-01  9.882179E-04      1      0      2     14      9      7
 -7.485395E-01  2.803045E-02  3.922692E-04      1      0      2     14      9      7
 -8.565792E-01  1.745382E-01  2.423190E-04      1      0      2     14      9      7
 -1.609000E+00  3.582663E-01  2.464160E-03      1      0      2     14      9      7
 -1.115600E+00  2.945204E-01  5.467281E-03      1      0      2     14      9      7
 -6.949620E-01  2.430923E-01  1.930098E-03      1      0      2     14      9      7
 -7.250136E-01  1.920511E-01  2.648626E-03      1      0      2     14      9      7
 -5.405172E-01 -1.836386E-03  8.557189E-04      1      0      2     14      9      7
 -1.385219E+00  2.515257E-01  4.649039E-03      1      0      2     14      9      7
 -5.812309E-01 -2.861159E-02  2.464889E-03      1      0      2     14      9      7
 -1.027563E+00  2.242240E-01  1.555066E-03      1      0      2     14      9      7
 -3.946192E+00  4.036845E-01  2.167418E-03      1      0      2     14      9      7
 -2.058724E+00  4.336185E-01  7.093027E-05      1      0      2     14      9      7
 -4.817722E-01 -8.903684E-04  2.248836E-03      1      0      2     14      9      7
 -1.556698E+00  3.887397E-01  3.392122E-04      1      0      2     14      9      7
 -1.264148E+00  1.419250E-01  3.965590E-04      1      0      2     14      9      7
 -1.186448E+00  2.571790E-01  2.452171E-03      1      0      2     14      9      7
 -1.272152E+00  3.119087E-01  9.277021E-05      1      0      2     14      9      7
 -1.122561E+00  1.682749E-01  1.045502E-04      1      0      2     14      9      7
 -2.272430E+00  3.116110E-01  2.772577E-04      1      0      2     14      9      7
 -8.936188E-01  1.448476E-01  1.341618E-03      1      0      2     14      9      7
 -9.343453E-01  9.079744E-02  4.149483E-04      1      0      2     14      9      7
 -6.002273E-01  1.043671E-02  1.828560E-03      1      0      2     14      9      7
 -9.158584E-01  2.225717E-02  2.026214E-05      1      0      2     14      9      7
 -8.904168E-01  2.253337E-01  7.084687E-04      1      0      2     14      9      7
 -8.328370E-01 -4.758646E-02  3.154072E-04      1      0      2     14      9      7
 -1.090617E+00  1.134399E-01  2.594105E-04      1      0      2     14      9      7
 -8.267097E-01  1.934246E-01  5.209789E-04      1      0      2     14      9      7
 -2.054773E+00  3.895812E-01  1.181389E-03      1      0      2     14      9      7
 -6.773874E-01  1.029954E-01  2.116128E-03      1      0      2     14      9      7
 -1.143158E+00  2.215270E-01  1.571068E-04      1      0      2     14      9      7
 -8.793631E-01 -2.026532E-02  5.147917E-04      1      0      2     14      9      7
 -7.879873E-01  1.290659E-01  2.227830E-03      1      0      2     14      9      7
 -9.151978E-01  1.258922E-01  2.467965E-03      1      0      2     14      9      7
 -1.222387E+00  3.023859E-01  2.031062E-03      1      0      2     14      9      7
 -1.430143E+00  1.970799E-01  2.175966E-03      1      0      2     14      9      7
 -1.243868E+00  2.541921E-01  2.841172E-03      1      0      2     14      9      7
 -8.548293E-01  1.365208E-01  4.229493E-04      1      0      2     14      9      7
 -6.234812E-01  3.695177E-02  3.793998E-03      1      0      2     14      9      7
 -8.146802E-01  1.486238E-01  1.815060E-04      1      0      2     14      9      7
 -1.021182E+00  1.791817E-01  4.235227E-04      1      0      2     14      9      7
 -7.437040E-01  1.435778E-01  1.832887E-03      1      0      2     14      9      7
 -6.698433E-01  2.561669E-02  1.544641E-03      1      0      2     14      9      7
 -2.234089E+00  4.517696E-01  3.325039E-03      1      0      2     14      9      7
 -7.312731E-01  9.218298E-02  1.296010E-04      1      0      2     14      9      7
 -8.533671E-01  1.545520E-01  1.285585E-04      1      0      2     14      9      7
 -5.769808E-01  7.162200E-02  2.119620E-03      1      0      2     14      9      7
 -5.296503E-01 -6.535435E-02  1.001979E-04      1      0      2     14      9      7
 -2.090345E+00  3.251991E-01  2.228351E-03      1      0      2     14      9      7
 -9.124610E-01  1.382221E-01  1.275160E-04      1      0      2     14      9      7
 -9.411470E-01  2.616568E-01  4.304969E-04      1      0      2     14      9      7
 -7.871544E-01  1.505801E-01  7.743013E-04      1      0      2     14      9      7
 -6.192886E-01  8.264655E-02  4.160273E-04      1      0      2     14      9      7
 -4.400145E-01  2.834198E-02  1.299971E-03      1      0      2     14      9      7
 -9.173581E-01  1.185101E-01  4.515758E-04      1      0      2     14      9      7
 -1.074536E+00  2.523648E-01  1.024236E-04      1      0      2     14      9      7
 -5.983186E-01  1.061968E-02  1.822097E-03      1      0      2     14      9      7
 -5.660642E-01  2.021935E-02  7.942126E-04      1      0      2     14      9      7
 -1.514511E+00  3.920846E-01  6.893392E-04      1      0      2     14      9      7
 -8.975230E-01  1.411574E-01  3.807967E-03      1      0      2     14      9      7
 -9.684419E-01  2.336840E-01  1.816572E-04      1      0      2     14      9      7
 -8.364926E-01  1.165433E-01  5.161001E-04      1      0      2     14      9      7
 -1.044807E+00  1.908971E-01  4.821465E-04      1      0      2     14      9      7
 -5.898901E-01 -2.064987E-02  2.010421E-03      1      0      2     14      9      7
 -7.908301E-01  1.055714E-01  8.956979E-05      1      0      2     14      9      7
 -6.799790E-01  4.390004E-02  7.123780E-04      1      0      2     14      9      7
 -9.110248E-01 -1.263986E-01  4.795247E-04      1      0      2     14      9      7
 -9.207008E-01  1.208413E-01  9.124818E-04      1      0      2     14      9      7
 -1.180110E+00  2.311000E-01  1.058168E-03      1      0      2     14      9      7
 -7.736528E-01  2.739445E-01  2.377269E-03      1      0      2     14      9      7
 -5.286819E-01  5.838598E-03  2.194835E-03      1      0      2     14      9      7
 -1.021124E+00  1.875809E-01  2.166219E-03      1      0      2     14      9      7
 -1.378270E+00  2.422572E-01  4.494335E-05      1      0      2     14      9      7
 -7.455521E-01  1.614834E-01  1.067029E-03      1      0      2     14      9      7
 -1.185921E+00  2.688648E-01  2.964080E-03      1      0      2     14      9      7
 -8.248459E-01  1.192686E-01  1.782170E-04      1      0      2     14      9      7
 -6.384997E-01  5.151996E-02  1.282458E-03      1      0      2     14      9      7
 -9.040274E-01  1.653333E-01  9.442774E-04      1      0      2     14      9      7
 -9.084634E-01  2.342466E-01  1.046910E-03      1      0      2     14      9      7
 -1.131812E+00  1.133244E-01  7.983304E-04      1      0      2     14      9      7
 -8.434217E-01  1.082798E-01  2.521235E-03      1      0      2     14      9      7
 -9.390030E-01  1.793344E-01  1.525668E-03      1      0      2     14      9      7
 -8.785381E-01  2.023820E-01  9.035165E-05      1      0      2     14      9      7
 -1.139458E+00  1.934274E-01  1.076985E-03      1      0      2     14      9      7
 -8.575339E-01  2.051491E-01  1.779459E-03      1      0      2     14      9      7
 -8.376421E-01 -2.638526E-02  2.216831E-05      1      0      2     14      9      7
 -8.155763E-01  9.120655E-02  9.767507E-04      1      0      2     14      9      7
 -6.022915E-01  8.756307E-02  1.361738E-03      1      0      2     14      9      7
 -1.319322E+00  2.300454E-01  4.604578E-04      1      0      2     14      9      7
 -9.354244E-01  1.814124E-01  2.502992E-03      1      0      2     14      9      7
 -6.493333E-01  5.089398E-02  5.193682E-04      1      0      2     14      9      7
 -4.775995E-01 -6.882936E-02  1.671615E-04      1      0      2     14      9      7
 -9.771208E-01  1.341087E-01  9.665865E-04      1      0      2     14      9      7
 -5.990739E-01  1.067741E-01  1.448733E-03      1      0      2     14      9      7
 -1.034044E+00  1.729198E-01  4.200513E-04      1      0      2     14      9      7
 -1.391967E+00  2.673055E-01  3.062960E-03      1      0      2     14      9      7
 -1.181005E+00  1.350325E-01  2.570440E-04      1      0      2     14      9      7
 -7.217256E-01  3.085754E-02  5.785237E-04      1      0      2     14      9      7
 -1.207093E+00  2.803672E-01  3.351778E-04      1      0      2     14      9      7
 -7.014975E-01  1.262499E-01  1.145737E-03      1      0      2     14      9      7
 -6.182962E-01  7.155201E-02  2.038359E-03      1      0      2     14      9      7
 -9.770065E-01  1.555962E-01  5.093240E-04      1      0      2     14      9      7
 -5.370057E-01  7.560610E-03  3.423449E-04      1      0      2     14      9      7
 -1.355986E+00  2.783007E-01  3.403746E-04      1      0      2     14      9      7
 -6.973807E-01  1.476732E-01  3.165175E-03      1      0      2     14      9      7
 -6.946509E-01  1.657553E-01  4.834861E-04      1      0      2     14      9      7
 -6.404988E-01  3.032320E-02  3.617350E-04      1      0      2     14      9      7
 -4.860949E-01 -7.960573E-02  2.250243E-04      1      0      2     14      9      7
 -6.847092E-01  6.111640E-02  1.452069E-04      1      0      2     14      9      7
 -9.771568E-01 -2.931145E-02  4.650811E-05      1      0      2     14      9      7
 -7.216767E-01 -6.364387E-02  7.644498E-05      1      0      2     14      9      7
 -1.061388E+00  1.837874E-01  4.337286E-04      1      0      2     14      9      7
 -8.584552E-01  1.105245E-01  3.073593E-05      1      0      2     14      9      7
 -6.926339E-01  9.540398E-02  9.917102E-04      1      0      2     14      9      7
 -1.817970E+00  3.844962E-01  1.924990E-03      1      0      2     14      9      7
 -5.768898E-01 -5.960299E-02  2.092099E-03      1      0      2     14      9      7
 -1.563666E+00  3.177767E-01  1.434868E-03      1      0      2     14      9      7
 -6.331946E-01  2.782096E-02  1.466559E-03      1      0      2     14      9      7
 -8.542303E-01  1.941081E-01  1.904244E-03      1      0      2     14      9      7
 -7.853772E-01  1.204021E-01  3.814795E-03      1      0      2     14      9      7
 -1.177103E+00  1.947071E-01  2.427308E-03      1      0      2     14      9      7
 -1.338632E+00  2.104657E-01  2.421679E-03      1      0      2     14      9      7
 -1.028610E+00  9.064545E-02  4.798687E-05      1      0      2     14      9      7
 -7.816035E-01  6.900695E-02  3.418601E-03      1      0      2     14      9      7
 -1.774331E+00  3.207785E-01  5.019849E-03      1      0      2     14      9      7
 -1.220707E+00  3.275239E-01  2.140678E-03      1      0      2     14      9      7
 -8.997647E-01  2.167692E-01  6.158966E-04      1      0      2     14      9      7
 -8.807861E-01  5.340453E-02  6.199101E-04      1      0      2     14      9      7
 -6.987595E-01  7.140188E-02  5.005671E-04      1      0      2     14      9      7
 -6.181575E-01  2.831032E-02  3.602547E-04      1      0      2     14      9      7
 -4.671770E-01 -7.469911E-02  1.564761E-03      1      0      2     14      9      7
 -1.032454E+00  3.007425E-02  3.147974E-04      1      0      2     14      9      7
 -4.852075E-01 -5.492627E-02  4.630743E-04      1      0      2     14      9      7
 -7.364451E-01  8.201466E-02  2.469581E-03      1      0      2     14      9      7
 -7.840780E-01  5.665703E-02  1.652225E-03      1      0      2     14      9      7
 -1.383875E+00  2.845538E-01  8.720337E-04      1      0      2     14      9      7
 -7.901152E-01  1.400418E-01  3.294755E-03      1      0      2     14      9      7
 -1.040832E+00  2.559792E-01  2.283446E-03      1      0      2     14      9      7
 -6.126308E-01  3.998865E-02  3.754332E-03      1      0      2     14      9      7
 -7.587170E-01  1.450910E-01  5.011926E-03      1      0      2     14      9      7
 -6.785610E-01  9.870577E-02  2.491890E-04      1      0      2     14      9      7
 -4.798022E-01 -1.789501E-02  1.625746E-03      1      0      2     14      9      7
 -8.777548E-01  8.521884E-02  2.320454E-03      1      0      2     14      9      7
 -1.228616E+00  3.542932E-01  2.857070E-03      1      0      2     14      9      7
 -6.679837E-01  9.180824E-02  2.465046E-03      1      0      2     14      9      7
 -1.205517E+00  1.982803E-01  3.613493E-04      1      0      2     14      9      7
 -9.557599E-01  2.056976E-01  2.527542E-04      1      0      2     14      9      7
 -6.688252E-01  8.411378E-02  2.107892E-03      1      0      2     14      9      7
 -1.073240E+00  1.006616E-01  6.432616E-05      1      0      2     14      9      7
 -5.959007E-01 -4.946166E-02  2.768772E-04      1      0      2     14      9      7
 -8.632088E-01  1.134257E-01  3.295380E-04      1      0      2     14      9      7
 -1.338569E+00  2.601061E-01  7.155054E-04      1      0      2     14      9      7
 -4.851501E-01  1.233492E-02  1.648837E-03      1      0      2     14      9      7
 -8.449695E-01  1.790071E-01  1.584881E-03      1      0      2     14      9      7
 -6.664043E-01  8.831157E-02  9.539204E-04      1      0      2     14      9      7
 -7.174890E-01  7.188434E-02  3.884537E-04      1      0      2     14      9      7
 -7.360230E-01  1.287794E-01  5.434964E-04      1      0      2     14      9      7
 -6.336198E-01  6.913951E-02  2.387277E-03      1      0      2     14      9      7
 -1.123265E+00  2.398881E-01  1.432314E-03      1      0      2     14      9      7
 -1.280006E+00  2.265252E-01  1.694862E-03      1      0      2     14      9      7
 -1.068939E+00  2.394356E-01  1.789155E-03      1      0      2     14      9      7
 -1.667024E+00  3.140633E-01  1.922488E-04      1      0      2     14      9      7
 -7.232719E-01  5.419421E-02  1.640288E-04      1      0      2     14      9      7
 -1.387256E+00  3.648482E-01  2.660146E-03      1      0      2     14      9      7
 -1.141014E+00  1.920679E-01  1.599476E-04      1      0      2     14      9      7
 -8.319937E-01  5.879237E-02  1.119466E-04      1      0      2     14      9      7
 -5.255147E-01  5.123378E-02  2.142920E-03      1      0      2     14      9      7
 -6.905361E-01  8.739078E-02  1.674742E-03      1      0      2     14      9      7
 -9.439475E-01  6.240976E-02  2.469841E-03      1      0      2     14      9      7
 -1.088790E+00  2.238563E-01  1.324000E-03      1      0      2     14      9      7
 -9.163674E-01  3.801684E-02  4.760011E-04      1      0      2     14      9      7
 -7.113233E-01  1.704869E-02  3.627879E-04      1      0      2     14      9      7
 -5.075618E-01 -1.325491E-02  2.391186E-03      1      0      2     14      9      7
 -1.633471E+00  3.064464E-01  1.530933E-04      1      0      2     14      9      7
 -1.017783E+00  1.755078E-01  1.283917E-03      1      0      2     14      9      7
 -1.237632E+00  2.938701E-01  1.979928E-04      1      0      2     14      9      7
 -6.244702E-01  5.194533E-02  3.580290E-03      1      0      2     14      9      7
 -8.244208E-01  4.917482E-02  1.919725E-04      1      0      2     14      9      7
 -1.131935E+00  2.024177E-01  1.671354E-03      1      0      2     14      9      7
 -5.966325E-01  3.952503E-02  3.276199E-03      1      0      2     14      9      7
 -6.336720E-01 -1.604286E-02  1.504193E-03      1      0      2     14      9      7
 -1.018734E+00  2.540048E-01  3.264679E-04      1      0      2     14      9      7
 -5.309166E-01 -8.900984E-02  2.079693E-04      1      0      2     14      9      7
 -1.132118E+00  7.339483E-02  9.970790E-05      1      0      2     14      9      7
 -7.652497E-01  5.952280E-02  6.496208E-04      1      0      2     14      9      7
 -9.758844E-01 -1.143594E-03  1.138387E-04      1      0      2     14      9      7
 -1.227303E+00  1.922368E-01  2.295226E-03      1      0      2     14      9      7
 -1.220943E+00  2.019875E-01  2.465880E-05      1      0      2     14      9      7
 -1.335369E+00  3.009143E-01  5.535042E-04      1      0      2     14      9      7
 -1.065074E+00  1.930222E-01  1.946465E-03      1      0      2     14      9      7
 -1.127467E+00  1.793397E-01  4.164912E-04      1      0      2     14      9      7
 -1.199486E+00  2.393051E-01  4.141352E-04      1      0      2     14      9      7
 -6.579729E-01  5.816188E-02  2.836273E-03      1      0      2     14      9      7
 -1.273177E+00  2.459160E-01  2.133120E-03      1      0      2     14      9      7
 -1.185612E+00  3.037290E-01  2.468747E-03      1      0      2     14      9      7
 -1.129477E+00  2.675644E-01  4.662278E-04      1      0      2     14      9      7
 -8.927720E-01  3.890815E-02  2.192802E-04      1      0      2     14      9      7
 -8.358920E-01  1.428287E-01  8.158962E-04      1      0      2     14      9      7
 -5.281533E-01 -8.136073E-02  9.586637E-04      1      0      2     14      9      7
 -3.598707E-01 -2.420998E-02  3.178362E-04      1      0      2     14      9      7
 -7.712122E-01 -3.835296E-02  3.365122E-04      1      0      2     14      9      7
 -9.678935E-01  1.261363E-01  4.617921E-03      1      0      2     14      9      7
 -8.361151E-01  1.827454E-01  1.679746E-03      1      0      2     14      9      7
 -1.092304E+00  3.441982E-03  1.871510E-05      1      0      2     14      9      7
 -5.270584E-01 -6.301551E-02  4.803170E-04      1      0      2     14      9      7
 -1.015892E+00  2.597290E-01  2.076879E-04      1      0      2     14      9      7
 -9.451388E-01  2.008993E-01  1.830020E-03      1      0      2     14      9      7
 -5.121753E-01 -2.446427E-02  1.027832E-03      1      0      2     14      9      7
 -1.026691E+00  1.257216E-01  1.275108E-03      1      0      2     14      9      7
 -7.769633E-01  4.082325E-02  3.463636E-03      1      0      2     14      9      7
 -8.302478E-01  1.621290E-01  8.526957E-05      1      0      2     14      9      7
 -7.040684E-01  1.875894E-01  1.428144E-03      1      0      2     14      9      7
 -8.601657E-01  7.015260E-03  3.188787E-04      1      0      2     14      9      7
 -6.570380E-01  1.623354E-01  2.623138E-03      1      0      2     14      9      7
 -5.580030E-01  1.024602E-01  5.643981E-04      1      0      2     14      9      7
 -8.295272E-01  1.334954E-01  1.720455E-03      1      0      2     14      9      7
 -1.478690E+00  3.116784E-01  1.960330E-03      1      0      2     14      9      7
 -1.235617E+00  2.340740E-01  1.126816E-04      1      0      2     14      9      7
 -1.193918E+00  2.659244E-01  1.304923E-03      1      0      2     14      9      7
 -6.397696E-01  4.291080E-02  2.125406E-03      1      0      2     14      9      7
 -5.859527E-01 -6.839069E-02  2.616309E-04      1      0      2     14      9      7
 -9.995926E-01  2.177871E-01  3.988264E-04      1      0      2     14      9      7
 -1.128178E+00  2.759414E-01  1.823504E-03      1      0      2     14      9      7
 -6.545975E-01  1.061828E-01  1.088400E-03      1      0      2     14      9      7
 -6.035953E-01  1.603270E-01  2.304191E-03      1      0      2     14      9      7
 -8.911064E-01 -1.045543E-02  5.193370E-04      1      0      2     14      9      7
 -5.951566E-01 -6.082582E-02  2.446542E-03      1      0      2     14      9      7
 -1.303765E+00  1.400132E-01  2.303149E-04      1      0      2     14      9      7
 -9.531706E-01  1.234556E-01  2.232625E-04      1      0      2     14      9      7
 -6.992060E-01  1.569923E-01  2.446490E-03      1      0      2     14      9      7
 -1.369534E+00  1.660369E-01  3.053265E-03      1      0      2     14      9      7
 -5.267677E-01 -2.114362E-02  9.586115E-04      1      0      2     14      9      7
 -1.064954E+00  1.848862E-01  1.966793E-03      1      0      2     14      9      7
 -5.495871E-01 -4.102045E-02  2.469998E-03      1      0      2     14      9      7
 -1.130544E+00  2.220428E-01  3.104711E-04      1      0      2     14      9      7
 -1.127446E+00 -3.076930E-02  1.790510E-05      1      0      2     14      9      7
 -1.200714E+00  2.448517E-01  4.049770E-03      1      0      2     14      9      7
 -4.761219E-01 -9.317135E-02  2.243884E-03      1      0      2     14      9      7
 -2.275978E+00  4.648380E-01  2.411097E-03      1      0      2     14      9      7
 -9.959816E-01  2.400216E-01  7.596023E-05      1      0      2     14      9      7
 -1.388114E+00  2.729704E-01  1.409744E-04      1      0      2     14      9      7
 -4.456432E-01 -2.207338E-02  2.449721E-03      1      0      2     14      9      7
 -1.000587E+00  2.901569E-01  2.521027E-03      1      0      2     14      9      7
 -7.082916E-01  2.327866E-01  1.175656E-03      1      0      2     14      9      7
 -4.523536E-01 -1.170442E-01  1.482926E-04      1      0      2     14      9      7
 -8.187620E-01  1.214409E-01  6.476401E-04      1      0      2     14      9      7
 -1.335168E+00  2.124985E-01  3.669161E-04      1      0      2     14      9      7
 -8.516397E-01  1.214651E-01  3.577840E-04      1      0      2     14      9      7
 -9.539545E-01  1.393375E-01  4.750472E-05      1      0      2     14      9      7
 -6.670579E-01  7.255075E-02  3.690949E-03      1      0      2     14      9      7
 -9.486834E-01 -1.687083E-02  2.259000E-04      1      0      2     14      9      7
 -1.719509E+00  3.495117E-01  1.891995E-03      1      0      2     14      9      7
 -6.196803E-01  4.465711E-02  6.038038E-04      1      0      2     14      9      7
 -9.562369E-01  1.537625E-01  9.328623E-04      1      0      2     14      9      7
 -7.007435E-01  8.341935E-02  3.102626E-03      1      0      2     14      9      7
 -8.186597E-01  1.575809E-01  3.731449E-03      1      0      2     14      9      7
 -4.782714E-01 -8.225652E-02  6.212653E-04      1      0      2     14      9      7
 -9.925383E-01  1.861371E-01  6.457636E-04      1      0      2     14      9      7
 -8.795768E-01  1.945501E-01  1.328066E-04      1      0      2     14      9      7
 -1.067439E+00  3.268461E-01  3.370543E-05      1      0      2     14      9      7
 -1.233612E+00  2.284541E-01  2.122070E-03      1      0      2     14      9      7
 -1.815298E+00  3.790126E-01  1.397704E-03      1      0      2     14      9      7
 -4.832835E-01 -5.246672E-02  2.301377E-03      1      0      2     14      9      7
 -7.935140E-01  1.390560E-01  4.090635E-04      1      0      2     14      9      7
 -8.187886E-01  2.446080E-01  2.218656E-03      1      0      2     14      9      7
 -8.963400E-01  1.794867E-01  5.835276E-04      1      0      2     14      9      7
 -8.100680E-01  1.115804E-01  1.604948E-03      1      0      2     14      9      7
 -9.795042E-01  1.657968E-01  1.779147E-04      1      0      2     14      9      7
 -8.954997E-01  2.949480E-01  1.437891E-04      1      0      2     14      9      7
 -9.163686E-01  1.405686E-01  5.769079E-03      1      0      2     14      9      7
 -1.115600E+00  2.945204E-01  5.467281E-03      1      0      2     14      9      7
 -7.401087E-01  1.334692E-01  2.259625E-04      1      0      2     14      9      7
 -9.343654E-01  4.456152E-02  1.562311E-04      1      0      2     14      9      7
 -8.440984E-01  1.557913E-01  1.427154E-03      1      0      2     14      9      7
 -6.531182E-01  8.132967E-02  3.773461E-04      1      0      2     14      9      7
 -7.155431E-01  9.727742E-02  1.006670E-03      1      0      2     14      9      7
 -1.559574E+00  2.937576E-01  3.368719E-04      1      0      2     14      9      7
 -1.007873E+00  3.548419E-02  5.184978E-04      1      0      2     14      9      7
 -7.634888E-01  2.038130E-01  2.967104E-03      1      0      2     14      9      7
 -4.279607E-01 -4.251340E-02  2.983627E-04      1      0      2     14      9      7
 -1.132118E+00  7.339483E-02  9.970790E-05      1      0      2     14      9      7
 -5.733780E-01  5.110168E-02  2.221001E-03      1      0      2     14      9      7
 -1.175908E+00  2.561169E-01  4.171375E-04      1      0      2     14      9      7
 -5.385006E-01  4.034523E-02  1.849931E-03      1      0      2     14      9      7
 -9.900792E-01  1.097612E-01  2.481986E-04      1      0      2     14      9      7
 -2.159059E+00  4.081555E-01  4.851228E-04      1      0      2     14      9      7
 -2.758407E+00  4.342596E-01  2.165020E-04      1      0      2     14      9      7
 -4.260235E-01 -4.350662E-02  9.677853E-04      1      0      2     14      9      7
 -7.419513E-01  1.245754E-01  1.137449E-03      1      0      2     14      9      7
 -1.384686E+00  3.043697E-01  3.161057E-04      1      0      2     14      9      7
 -9.206780E-01  1.071412E-01  1.426528E-04      1      0      2     14      9      7
 -1.013534E+00  2.003376E-01  1.120456E-03      1      0      2     14      9      7
 -5.950750E-01  1.373638E-01  1.776905E-03      1      0      2     14      9      7
 -9.538987E-01  1.398145E-01  7.738321E-05      1      0      2     14      9      7
 -1.081102E+00  1.920180E-01  1.291475E-03      1      0      2     14      9      7
 -1.177074E+00  1.931541E-01  2.965279E-04      1      0      2     14      9      7
 -1.008346E+00  1.699735E-01  1.454102E-03      1      0      2     14      9      7
 -1.039590E+00  2.597743E-01  1.249776E-03      1      0      2     14      9      7
 -6.858707E-01  2.024827E-01  7.490211E-04      1      0      2     14      9      7
 -1.172525E+00  2.211677E-01  1.318215E-04      1      0      2     14      9      7
 -8.909521E-01  2.528401E-01  4.021258E-04      1      0      2     14      9      7
 -4.128494E-01  1.180366E-01  2.208752E-03      1      0      2     14      9      7
 -1.150680E+00  2.731908E-01  2.163248E-03      1      0      2     14      9      7
 -9.880178E-01  2.263131E-01  5.117790E-04      1      0      2     14      9      7
 -7.737336E-01  6.375589E-02  1.223662E-03      1      0      2     14      9      7
 -5.752953E-01  5.327847E-02  2.682976E-04      1      0      2     14      9      7
 -1.145450E+00  1.978417E-01  2.036378E-04      1      0      2     14      9      7
 -6.962171E-01  1.253688E-01  2.503148E-04      1      0      2     14      9      7
 -6.998546E-01  3.749591E-02  2.658217E-04      1      0      2     14      9      7
 -1.579774E+00  3.240408E-01  1.888190E-04      1      0      2     14      9      7
 -6.528585E-01  1.122576E-01  4.355112E-03      1      0      2     14      9      7
 -8.126984E-01  1.947241E-01  1.273023E-03      1      0      2     14      9      7
 -5.317240E-01 -5.302464E-02  2.220480E-04      1      0      2     14      9      7
 -7.241675E-01  2.730205E-02  2.720140E-03      1      0      2     14      9      7
 -8.345171E-01  2.331855E-01  5.459462E-04      1      0      2     14      9      7
 -7.024652E-01  6.864623E-02  1.326919E-04      1      0      2     14      9      7
 -1.021837E+00  1.069067E-01  9.883743E-05      1      0      2     14      9      7
 -7.292480E-01  1.935762E-01  4.038251E-04      1      0      2     14      9      7
 -8.827215E-01  2.456815E-03  8.989817E-05      1      0      2     14      9      7
 -4.928320E-01 -7.195808E-02  1.405627E-03      1      0      2     14      9      7
 -1.041818E+00  1.937783E-01  5.284847E-04      1      0      2     14      9      7
 -5.356755E-01 -3.006550E-02  2.249565E-03      1      0      2     14      9      7
 -9.266342E-01  1.355646E-01  6.967408E-04      1      0      2     14      9      7
 -7.390687E-01  1.097029E-01  2.611879E-04      1      0      2     14      9      7
 -7.786798E-01  1.345097E-01  1.346779E-03      1      0      2     14      9      7
 -7.561724E-01  1.939332E-01  3.683443E-03      1      0      2     14      9      7
 -1.524185E+00  3.775504E-01  4.013336E-04      1      0      2     14      9      7
 -5.285344E-01  4.045750E-02  9.302040E-04      1      0      2     14      9      7
 -2.723998E+00  5.302591E-01  2.015581E-04      1      0      2     14      9      7
 -7.040417E-01  3.148474E-03  8.498810E-04      1      0      2     14      9      7
 -7.898258E-01  2.532941E-01  1.169922E-03      1      0      2     14      9      7
 -6.675908E-01  8.692790E-02  3.792330E-04      1      0      2     14      9      7
 -5.737112E-01 -6.139854E-02  2.296321E-03      1      0      2     14      9      7
 -8.179544E-01  1.370090E-01  9.985385E-05      1      0      2     14      9      7
 -8.093703E-01  9.356750E-02  1.402238E-04      1      0      2     14      9      7
 -8.009093E-01  1.329709E-01  3.950839E-04      1      0      2     14      9      7
 -8.057344E-01  1.425526E-01  1.754336E-04      1      0      2     14      9      7
 -2.418174E+00  4.678949E-01  3.243517E-05      1      0      2     14      9      7
 -8.409573E-01  1.685600E-01  8.326801E-04      1      0      2     14      9      7
 -9.170356E-01  1.179611E-01  7.406813E-04      1      0      2     14      9      7
 -1.391127E+00  2.741798E-01  1.673074E-03      1      0      2     14      9      7
 -7.909241E-01  5.482415E-02  3.797751E-04      1      0      2     14      9      7
 -1.065706E+00  3.409608E-01  2.816830E-04      1      0      2     14      9      7
 -1.217776E+00  1.489515E-01  2.362831E-03      1      0      2     14      9      7
 -9.119550E-01  5.672020E-02  2.454621E-05      1      0      2     14      9      7
 -7.308763E-01  1.760920E-01  5.102674E-04      1      0      2     14      9      7
 -1.218118E+00  3.194896E-01  6.705225E-04      1      0      2     14      9      7
 -6.976888E-01  5.143907E-02  2.738592E-03      1      0      2     14      9      7
 -1.117937E+00  3.093785E-01  7.732066E-04      1      0      2     14      9      7
 -5.159578E-01 -6.620216E-02  2.738488E-04      1      0      2     14      9      7
 -1.535613E+00  2.737937E-01  9.799823E-05      1      0      2     14      9      7
 -7.474710E-01  9.266756E-02  5.837882E-03      1      0      2     14      9      7
 -5.108698E-01 -1.866375E-02  1.279799E-04      1      0      2     14      9      7
 -9.336149E-01  1.219023E-01  4.640074E-04      1      0      2     14      9      7
 -1.024136E+00  1.504723E-01  5.430794E-05      1      0      2     14      9      7
 -1.333629E+00  2.960257E-01  1.775342E-04      1      0      2     14      9      7
 -8.947148E-01 -7.529712E-02  5.190190E-04      1      0      2     14      9      7
 -5.817990E-01  6.256374E-02  1.410683E-03      1      0      2     14      9      7
 -8.258748E-01  1.213370E-01  6.216823E-04      1      0      2     14      9      7
 -9.903461E-01  9.767890E-02  4.239345E-05      1      0      2     14      9      7
 -5.419265E-01  7.002703E-02  1.260461E-03      1      0      2     14      9      7
 -8.732046E-01  1.393825E-01  3.838408E-04      1      0      2     14      9      7
 -6.909920E-01  1.189624E-01  5.175283E-03      1      0      2     14      9      7
 -6.293364E-01 -4.109420E-02  8.910589E-04      1      0      2     14      9      7
 -8.999377E-01  9.835813E-02  8.866284E-04      1      0      2     14      9      7
 -6.210240E-01  1.076020E-01  1.176959E-03      1      0      2     14      9      7
 -1.141716E+00  1.987182E-01  3.160536E-04      1      0      2     14      9      7
 -8.061745E-01  7.799325E-02  1.781232E-03      1      0      2     14      9      7
 -1.121635E+00  1.538395E-01  8.438346E-05      1      0      2     14      9      7
 -9.435749E-01  1.133884E-01  4.142395E-04      1      0      2     14      9      7
 -1.021371E+00  2.516955E-01  1.983629E-03      1      0      2     14      9      7
 -8.194079E-01  1.318907E-01  3.271143E-03      1      0      2     14      9      7
 -5.001426E-01 -5.033172E-02  1.336406E-03      1      0      2     14      9      7
 -7.875467E-01  2.002313E-01  2.303722E-04      1      0      2     14      9      7
 -1.141740E+00  1.671164E-01  1.692829E-03      1      0      2     14      9      7
 -4.958644E-01 -6.334169E-02  1.086732E-03      1      0      2     14      9      7
 -6.860547E-01  1.565384E-01  1.830645E-04      1      0      2     14      9      7
 -1.004090E+00  2.429855E-01  1.174613E-03      1      0      2     14      9      7
 -2.748496E+00  5.432539E-01  2.734005E-05      1      0      2     14      9      7
 -1.138080E+00  1.972595E-01  5.570486E-03      1      0      2     14      9      7
 -1.390166E+00  3.367580E-01  6.537907E-04      1      0      2     14      9      7
 -1.609000E+00  3.582663E-01  2.464160E-03      1      0      2     14      9      7
 -4.870309E-01 -3.538093E-02  9.147232E-04      1      0      2     14      9      7
 -2.592051E+00  5.355611E-01  2.207397E-03      1      0      2     14      9      7
 -9.522654E-01  1.475051E-01  7.711738E-04      1      0      2     14      9      7
 -1.074151E+00  1.711419E-01  5.885315E-04      1      0      2     14      9      7
 -9.831443E-01  1.558469E-01  5.241063E-04      1      0      2     14      9      7
 -6.466622E-01  2.751257E-02  1.377427E-03      1      0      2     14      9      7
 -1.398137E+00  3.670358E-01  3.519461E-05      1      0      2     14      9      7
 -9.950917E-01  1.362043E-01  1.569661E-03      1      0      2     14      9      7
 -2.323540E+00  4.577101E-01  2.337133E-04      1      0      2     14      9      7
 -1.305818E+00  3.108182E-01  4.854564E-04      1      0      2     14      9      7
 -7.492799E-01  9.360898E-02  1.555848E-03      1      0      2     14      9      7
 -1.041623E+00  1.345885E-01  2.787068E-04      1      0      2     14      9      7
 -1.251504E+00  2.849957E-01  3.752090E-03      1      0      2     14      9      7
 -6.425849E-01  5.077647E-03  1.562050E-03      1      0      2     14      9      7
 -9.052610E-01  8.907360E-02  4.501216E-03      1      0      2     14      9      7
 -1.017970E+00  2.486582E-01  3.405310E-04      1      0      2     14      9      7
 -1.113246E+00  2.890324E-01  2.068226E-03      1      0      2     14      9      7
 -9.454390E-01  2.287079E-01  5.310388E-04      1      0      2     14      9      7
 -1.064567E+00  1.854536E-01  3.486884E-04      1      0      2     14      9      7
 -6.853984E-01  1.014499E-01  4.473329E-03      1      0      2     14      9      7
 -1.288450E+00  2.607660E-01  2.375914E-05      1      0      2     14      9      7
 -7.206401E-01  8.605204E-02  5.093552E-04      1      0      2     14      9      7
 -9.472653E-01  6.479322E-02  7.836836E-05      1      0      2     14      9      7
 -8.152285E-01 -5.076358E-02  3.381958E-04      1      0      2     14      9      7
 -8.879945E-01  1.660941E-01  3.345888E-03      1      0      2     14      9      7
 -8.006468E-01  2.100127E-01  1.930202E-04      1      0      2     14      9      7
 -1.185619E+00  1.583215E-01  2.186339E-04      1      0      2     14      9      7
 -2.343606E+00  3.809301E-01  7.994250E-04      1      0      2     14      9      7
 -1.125670E+00  2.257813E-01  9.527215E-04      1      0      2     14      9      7
 -4.449180E-01 -5.119911E-02  2.628767E-04      1      0      2     14      9      7
 -1.060853E+00  1.247517E-01  4.667647E-05      1      0      2     14      9      7
 -7.724936E-01  1.188304E-01  2.481100E-04      1      0      2     14      9      7
 -6.175479E-01 -2.328324E-02  1.339585E-03      1      0      2     14      9      7
 -6.173088E-01  7.450465E-02  2.035023E-04      1      0      2     14      9      7
 -7.730941E-01  2.047761E-01  2.972212E-03      1      0      2     14      9      7
 -8.864516E-01  1.716664E-01  1.090902E-03      1      0      2     14      9      7
 -9.536245E-01 -8.031603E-03  4.309869E-04      1      0      2     14      9      7
 -8.028429E-01  8.065266E-02  1.064580E-03      1      0      2     14      9      7
 -7.362244E-01  3.481346E-02  2.859833E-04      1      0      2     14      9      7
 -9.832002E-01  2.011868E-01  8.111008E-04      1      0      2     14      9      7
 -3.985811E+00  3.063409E-01  2.732181E-04      1      0      2     14      9      7
 -6.765515E-01  1.455057E-01  1.431584E-03      1      0      2     14      9      7
 -1.122205E+00  2.250754E-01  2.699343E-03      1      0      2     14      9      7
 -7.200762E-01  1.189804E-01  1.635858E-03      1      0      2     14      9      7
 -7.409582E-01  1.738706E-02  3.693347E-03      1      0      2     14      9      7
 -1.297418E+00  2.283424E-01  3.524465E-03      1      0      2     14      9      7
 -6.712985E-01  1.690521E-01  2.546151E-04      1      0      2     14      9      7
 -1.122220E+00 -1.145070E-02  6.339314E-05      1      0      2     14      9      7
 -1.263499E+00  2.482846E-01  9.115436E-04      1      0      2     14      9      7
 -1.053399E+00  2.110367E-01  3.810990E-03      1      0      2     14      9      7
 -6.225178E-01 -2.253870E-02  9.206653E-04      1      0      2     14      9      7
 -9.387501E-01  1.076265E-01  5.987999E-04      1      0      2     14      9      7
 -9.603201E-01  2.426557E-01  1.898198E-04      1      0      2     14      9      7
 -8.988516E-01  1.232232E-01  1.280998E-04      1      0      2     14      9      7
 -1.326602E+00  1.729136E-01  1.917171E-05      1      0      2     14      9      7
 -4.775919E-01 -9.272379E-02  8.776630E-04      1      0      2     14      9      7
 -8.000642E-01  8.396022E-02  6.104757E-04      1      0      2     14      9      7
 -1.604191E+00  4.198156E-01  7.870716E-05      1      0      2     14      9      7
 -1.385219E+00  2.515257E-01  4.649039E-03      1      0      2     14      9      7
 -9.437403E-01  2.319473E-01  2.519724E-03      1      0      2     14      9      7
 -1.103014E+00  2.128526E-01  8.571262E-04      1      0      2     14      9      7
 -8.808951E-01 -8.738675E-03  4.356572E-05      1      0      2     14      9      7
 -7.670516E-01  5.294577E-02  6.407076E-04      1      0      2     14      9      7
 -1.017367E+00  2.017854E-01  1.998589E-03      1      0      2     14      9      7
 -9.346061E-01  7.092490E-02  3.195824E-04      1      0      2     14      9      7
 -7.389860E-01  9.181540E-02  2.654985E-03      1      0      2     14      9      7
 -1.404318E+00  2.927790E-01  1.385455E-03      1      0      2     14      9      7
 -6.767080E-01  1.333532E-01  9.421925E-04      1      0      2     14      9      7
 -1.555329E+00  2.909431E-01  8.033864E-04      1      0      2     14      9      7
 -7.066575E-01  1.087109E-01  3.742812E-03      1      0      2     14      9      7
 -5.448866E-01  3.411425E-02  8.316376E-05      1      0      2     14      9      7
 -8.034260E-01  1.335385E-01  1.638673E-03      1      0      2     14      9      7
 -8.460158E-01  6.257425E-02  3.654879E-04      1      0      2     14      9      7
 -4.729493E-01 -4.938704E-02  1.868591E-03      1      0      2     14      9      7
 -6.511295E-01  1.083627E-01  5.216565E-04      1      0      2     14      9      7
 -6.139907E-01  9.125530E-02  1.018398E-03      1      0      2     14      9      7
 -9.477981E-01  2.282231E-01  7.296311E-05      1      0      2     14      9      7
 -9.482821E-01  2.298560E-01  4.136035E-04      1      0      2     14      9      7
 -1.210718E+00  3.097826E-01  1.411412E-03      1      0      2     14      9      7
 -4.935919E-01 -2.161226E-02  5.030743E-04      1      0      2     14      9      7
 -7.975673E-01  1.672774E-01  1.149542E-03      1      0      2     14      9      7
 -7.325370E-01  8.903868E-02  2.162414E-03      1      0      2     14      9      7
 -6.409443E-01  1.485665E-01  2.110968E-03      1      0      2     14      9      7
 -9.005775E-01  2.048114E-01  1.455770E-03      1      0      2     14      9      7
 -1.474893E+00  3.231804E-01  5.532436E-04      1      0      2     14      9      7
 -1.282913E+00  2.568960E-01  7.774808E-05      1      0      2     14      9      7
 -7.281988E-01  8.450140E-02  5.877496E-03      1      0      2     14      9      7
 -1.687648E+00  3.494258E-01  2.680213E-04      1      0      2     14      9      7
 -8.647872E-01  1.024914E-01  6.652058E-04      1      0      2     14      9      7
 -2.714577E+00  5.352746E-01  1.378105E-04      1      0      2     14      9      7
 -1.178029E+00 -1.830374E-02  1.067186E-04      1      0      2     14      9      7
 -1.689708E+00  3.899297E-01  1.648680E-03      1      0      2     14      9      7
 -5.140031E-01 -6.932368E-02  5.835276E-04      1      0      2     14      9      7
 -7.366710E-01  5.558092E-02  6.477964E-04      1      0      2     14      9      7
 -1.113554E+00  1.613309E-01  8.743792E-04      1      0      2     14      9      7
 -1.264262E+00  9.844858E-02  2.115607E-05      1      1      2     14      7      1
 -1.029728E+00  2.093584E-01  4.358552E-05      1      1      2     14      7      1
 -2.195513E+00  4.704970E-01  3.144221E-06      1      1      2     14      7      1
 -1.632883E+00  3.182840E-01  1.167316E-05      1      1      2     14      7      1
 -1.464152E+00  2.302182E-01  3.588108E-06      1      1      2     14      7      1
 -1.200426E+00  1.595836E-01  1.533643E-05      1      1      2     14      7      1
 -1.102024E+00  1.906084E-01  5.444346E-05      1      1      2     14      7      1
 -1.722989E+00  2.877571E-01  3.297882E-06      1      1      2     14      7      1
 -1.723674E+00  3.400450E-01  1.767262E-04      1      1      2     14      7      1
 -1.193639E+00  2.679530E-01  3.318419E-05      1      1      2     14      7      1
 -1.411786E+00  3.133057E-01  3.218654E-05      1      1      2     14      7      1
 -1.774940E+00  3.018622E-01  3.737495E-05      1      1      2     14      7      1
 -1.195417E+00  2.984270E-01  8.937172E-05      1      1      2     14      7      1
 -1.920573E+00  3.454233E-01  5.328110E-05      1      1      2     14      7      1
 -1.398249E+00  1.035107E-02  2.011567E-04      1      1      2     14      7      1
 -1.500983E+00  2.326513E-01  8.735453E-07      1      1      2     14      7      1
 -1.432989E+00  2.276738E-01  2.472239E-04      1      1      2     14      7      1
 -1.615132E+00  2.296485E-01  2.742189E-06      1      1      2     14      7      1
 -1.441569E+00  2.396594E-01  1.202552E-04      1      1      2     14      7      1
 -1.186847E+00  2.145064E-01  1.145945E-04      1      1      2     14      7      1
 -1.196750E+00  2.386188E-01  6.723989E-05      1      1      2     14      7      1
 -1.316173E+00  6.785553E-02  2.833510E-05      1      1      2     14      7      1
 -1.468932E+00  2.437710E-01  4.152298E-05      1      1      2     14      7      1
 -1.353646E+00 -2.367562E-01  1.089234E-07      1      1      2     14      7      1
 -1.402860E+00  1.722161E-01  1.840028E-05      1      1      2     14      7      1
 -1.070982E+00  6.564089E-02  1.176490E-04      1      1      2     14      7      1
 -1.239472E+00  1.225780E-01  1.315817E-04      1      1      2     14      7      1
 -1.188076E+00  2.846727E-01  8.810511E-05      1      1      2     14      7      1
 -1.655501E+00  3.125962E-01  1.218137E-04      1      1      2     14      7      1
 -1.643599E+00  1.536062E-01  7.249399E-07      1      1      2     14      7      1
 -1.077589E+00  3.391416E-01  2.153762E-04      1      1      2     14      7      1
 -1.518490E+00  2.937760E-01  4.260455E-06      1      1      2     14      7      1
 -1.262153E+00  4.422147E-02  1.019336E-05      1      1      2     14      7      1
 -1.118018E+00  2.796116E-01  1.866037E-05      1      1      2     14      7      1
 -3.906294E+00  4.076262E-01  1.661399E-04      1      1      2     14      7      1
 -1.979955E+00  4.692221E-01  2.744169E-06      1      1      2     14      7      1
 -1.029262E+00 -6.885258E-03  1.992594E-04      1      1      2     14      7      1
 -1.189467E+00  1.334316E-01  4.378724E-05      1      1      2     14      7      1
 -1.554928E+00  2.561170E-01  2.058531E-04      1      1      2     14      7      1
 -1.095690E+00  8.495055E-02  8.090158E-05      1      1      2     14      7      1
 -2.324601E+00  3.660255E-01  1.219283E-05      1      1      2     14      7      1
 -1.416869E+00  1.166796E-01  1.229708E-04      1      1      2     14      7      1
 -1.648769E+00  3.252944E-01  1.360956E-06      1      1      2     14      7      1
 -1.430375E+00  2.083137E-01  1.804844E-05      1      1      2     14      7      1
 -1.357782E+00  2.558663E-01  3.671246E-05      1      1      2     14      7      1
 -1.705366E+00  3.344408E-01  1.516390E-05      1      1      2     14      7      1
 -1.158302E+00  1.558332E-01  8.652054E-05      1      1      2     14      7      1
 -1.512170E+00  3.327271E-01  5.313515E-05      1      1      2     14      7      1
 -1.491966E+00  2.471152E-01  3.398951E-06      1      1      2     14      7      1
 -1.762545E+00  3.062110E-01  1.244511E-05      1      1      2     14      7      1
 -1.413755E+00  1.482771E-01  9.444859E-06      1      1      2     14      7      1
 -2.044429E+00  4.882209E-01  1.494498E-04      1      1      2     14      7      1
 -1.440515E+00  2.289182E-01  4.213700E-05      1      1      2     14      7      1
 -1.436381E+00  1.575835E-02  1.817614E-06      1      1      2     14      7      1
 -1.846468E+00  4.037005E-01  2.153293E-07      1      1      2     14      7      1
 -1.235177E+00  2.705523E-01  7.413068E-06      1      1      2     14      7      1
 -1.210853E+00  1.308433E-01  1.594107E-05      1      1      2     14      7      1
 -1.513446E+00  2.199032E-01  3.539633E-06      1      1      2     14      7      1
 -1.631365E+00  2.618564E-01  5.591857E-05      1      1      2     14      7      1
 -1.259301E+00  1.861484E-02  5.062903E-05      1      1      2     14      7      1
 -1.524773E+00  2.015531E-01  2.399005E-04      1      1      2     14      7      1
 -1.038533E+00 -2.881886E-04  2.928428E-04      1      1      2     14      7      1
 -2.287582E+00  4.787851E-01  1.617041E-05      1      1      2     14      7      1
 -1.328390E+00  1.521655E-01  7.552239E-06      1      1      2     14      7      1
 -1.856380E+00  1.925655E-01  5.159489E-07      1      1      2     14      7      1
 -2.173306E+00  4.625731E-01  1.248733E-04      1      1      2     14      7      1
 -1.318074E+00  2.750606E-01  1.312898E-05      1      1      2     14      7      1
 -1.485539E+00  2.389081E-01  2.473750E-05      1      1      2     14      7      1
 -1.231379E+00  3.162436E-01  4.451333E-05      1      1      2     14      7      1
 -1.476600E+00  2.659255E-01  2.529054E-05      1      1      2     14      7      1
 -1.704517E+00  2.968531E-01  1.423088E-05      1      1      2     14      7      1
 -1.369133E+00  2.634972E-01  4.914715E-05      1      1      2     14      7      1
 -1.134184E+00  2.617327E-01  2.387746E-05      1      1      2     14      7      1
 -1.737950E+00  1.570404E-01  8.158962E-08      1      1      2     14      7      1
 -2.620986E+00  5.629793E-01  5.345832E-05      1      1      2     14      7      1
 -1.473910E+00  2.008813E-01  5.008747E-06      1      1      2     14      7      1
 -1.393029E+00  1.122922E-01  2.312479E-06      1      1      2     14      7      1
 -1.537064E+00  2.591902E-01  2.557670E-05      1      1      2     14      7      1
 -1.275473E+00  2.267508E-01  8.576996E-05      1      1      2     14      7      1
 -1.532856E+00  2.166795E-02  2.448835E-06      1      1      2     14      7      1
 -1.085325E+00 -4.046923E-03  7.442778E-06      1      1      2     14      7      1
 -1.302848E+00  1.221006E-01  1.193274E-04      1      1      2     14      7      1
 -1.282124E+00  2.300514E-01  1.729212E-05      1      1      2     14      7      1
 -1.410435E+00  2.314928E-01  4.795612E-05      1      1      2     14      7      1
 -1.398034E+00  3.836021E-01  2.480162E-05      1      1      2     14      7      1
 -1.522032E+00  3.122238E-01  2.705389E-05      1      1      2     14      7      1
 -1.442119E+00  2.478374E-01  2.978362E-06      1      1      2     14      7      1
 -1.453892E+00  3.154642E-01  1.732391E-05      1      1      2     14      7      1
 -1.368733E+00  1.526145E-01  1.631011E-04      1      1      2     14      7      1
 -1.105479E+00  1.617226E-01  6.362770E-05      1      1      2     14      7      1
 -2.137149E+00  3.583112E-01  2.842423E-05      1      1      2     14      7      1
 -1.500423E+00  3.129603E-01  6.374759E-05      1      1      2     14      7      1
 -1.463281E+00  3.360269E-01  1.144798E-04      1      1      2     14      7      1
 -2.041222E+00  4.399989E-01  1.452590E-05      1      1      2     14      7      1
 -1.269178E+00  1.656459E-01  4.004057E-05      1      1      2     14      7      1
 -1.569021E+00  2.459375E-01  1.785610E-05      1      1      2     14      7      1
 -1.068067E+00  1.800763E-01  1.844614E-05      1      1      2     14      7      1
 -1.671771E+00  3.033803E-01  1.156213E-04      1      1      2     14      7      1
 -2.308452E+00  3.589660E-01  1.531558E-06      1      1      2     14      7      1
 -1.589602E+00  3.522157E-01  2.941719E-05      1      1      2     14      7      1
 -1.341434E+00  2.326960E-01  1.944588E-05      1      1      2     14      7      1
 -1.202889E+00  1.892073E-01  1.277402E-04      1      1      2     14      7      1
 -1.311470E+00  2.293281E-01  1.959391E-04      1      1      2     14      7      1
 -1.160821E+00  2.974032E-01  3.487301E-05      1      1      2     14      7      1
 -1.537330E+00  3.673457E-01  2.635126E-04      1      1      2     14      7      1
 -1.798337E+00  4.084363E-01  2.626630E-05      1      1      2     14      7      1
 -1.453021E+00  3.691500E-01  1.633929E-04      1      1      2     14      7      1
 -1.299954E+00  2.427565E-01  2.378885E-04      1      1      2     14      7      1
 -2.155696E+00  3.519491E-01  1.471980E-05      1      1      2     14      7      1
 -1.067435E+00  1.793059E-01  4.867856E-06      1      1      2     14      7      1
 -1.175886E+00  2.448547E-01  2.011776E-04      1      1      2     14      7      1
 -1.824738E+00  3.935432E-01  1.095854E-04      1      1      2     14      7      1
