 -1.583487E+00  2.243292E-01  9.619164E-05      0      1      0      2      7      1
 -1.140978E+00  1.614927E-02  2.142597E-05      0      1      0      2      7      1
 -1.588248E+00  1.804814E-01  5.952315E-06      0      1      0      2      7      1
 -8.176951E-01  1.352783E-01  1.359830E-04      1      0      2     14      9      7
 -8.991071E-01  9.036306E-02  5.740001E-04      1      0      2     14      9      7
 -1.038591E+00  1.153023E-01  1.400412E-03      1      0      2     14      9      7
 -1.032949E+00  2.329110E-01  2.540779E-04      1      0      2     14      9      7
 -9.807217E-01  1.223219E-02  1.396488E-04      1      0      2     14      9      7
 -6.500885E-01  1.055116E-01  7.040760E-04      1      0      2     14      9      7
 -6.994285E-01  2.938550E-02  2.568891E-04      1      0      2     14      9      7
 -8.644163E-01  3.576073E-02  3.247704E-04      1      0      2     14      9      7
 -7.115889E-01  1.211047E-01  1.155418E-03      1      0      2     14      9      7
 -1.040354E+00  2.163901E-01  7.654589E-04      1      0      2     14      9      7
 -4.891303E-01 -7.410451E-03  1.154074E-03      1      0      2     14      9      7
 -5.109350E-01 -9.471678E-02  1.483510E-04      1      0      2     14      9      7
 -6.393350E-01  6.983164E-02  6.074866E-04      1      0      2     14      9      7
 -9.537058E-01  1.530574E-01  1.053292E-03      1      0      2     14      9      7
 -4.918468E-01 -1.850282E-02  2.805392E-04      1      0      2     14      9      7
 -1.216228E+00  2.748513E-01  6.828983E-04      1      0      2     14      9      7
 -6.035103E-01  1.513897E-01  9.592289E-04      1      0      2     14      9      7
 -8.101053E-01  8.895567E-02  2.862422E-04      1      0      2     14      9      7
 -8.494128E-01  1.247373E-01  1.916415E-03      1      0      2     14      9      7
 -6.381769E-01  4.182567E-02  4.847960E-04      1      0      2     14      9      7
 -4.183035E-01 -1.183658E-01  8.954272E-04      1      0      2     14      9      7
 -1.037577E+00 -5.714514E-02  3.595684E-05      1      0      2     14      9      7
 -5.842795E-01 -1.843157E-02  1.733342E-03      1      0      2     14      9      7
 -1.000808E+00  2.018197E-01  1.643310E-04      1      0      2     14      9      7
 -1.117988E+00  2.093626E-01  2.078365E-03      1      0      2     14      9      7
 -1.070624E+00  1.689388E-01  2.191348E-05      1      0      2     14      9      7
 -6.574225E-01  9.544298E-02  1.826491E-04      1      0      2     14      9      7
 -9.787227E-01  1.736870E-01  3.164391E-04      1      0      2     14      9      7
 -4.640876E-01  7.425942E-02  2.971696E-03      1      0      2     14      9      7
 -4.506452E-01 -8.149866E-02  8.120604E-04      1      0      2     14      9      7
 -8.633363E-01  3.238548E-02  1.393908E-03      1      0      2     14      9      7
 -5.545980E-01 -1.073962E-01  1.399229E-04      1      0      2     14      9      7
 -6.599830E-01  1.308546E-01  2.778679E-04      1      0      2     14      9      7
 -1.263721E+00  2.308403E-01  2.224512E-03      1      0      2     14      9      7
 -4.401264E-01 -9.276354E-02  2.407102E-03      1      0      2     14      9      7
 -6.522817E-01  1.017065E-02  1.447712E-03      1      0      2     14      9      7
 -6.424073E-01  1.385044E-01  2.027195E-04      1      0      2     14      9      7
 -1.242717E+00  2.132912E-01  5.804501E-04      1      0      2     14      9      7
 -1.080734E+00  1.980822E-01  1.498291E-03      1      0      2     14      9      7
 -7.079219E-01  5.943157E-02  1.346070E-03      1      0      2     14      9      7
 -1.132908E+00  2.806842E-01  3.547578E-04      1      0      2     14      9      7
 -7.451177E-01  1.039841E-01  9.792778E-04      1      0      2     14      9      7
 -7.523080E-01 -7.955270E-03  1.104731E-03      1      0      2     14      9      7
 -3.813153E-01 -6.616712E-02  6.727395E-04      1      0      2     14      9      7
 -1.181267E+00  2.009516E-01  8.389356E-05      1      0      2     14      9      7
 -6.164997E-01 -1.762926E-03  2.622050E-03      1      0      2     14      9      7
 -9.324937E-01  5.337391E-02  1.541883E-03      1      0      2     14      9      7
 -7.674008E-01 -1.057901E-02  1.000294E-03      1      0      2     14      9      7
 -1.477578E+00  2.911504E-01  2.257246E-05      1      0      2     14      9      7
 -8.358731E-01  4.860051E-02  8.923097E-05      1      0      2     14      9      7
 -1.311683E+00  2.696291E-01  8.791946E-05      1      0      2     14      9      7
 -1.008380E+00  1.398134E-01  2.135663E-03      1      0      2     14      9      7
 -7.059471E-01  9.944600E-02  2.563946E-04      1      0      2     14      9      7
 -6.514195E-01  5.243592E-02  1.174607E-04      1      0      2     14      9      7
 -6.681588E-01  8.159362E-03  2.247786E-03      1      0      2     14      9      7
 -1.385706E+00  2.726342E-01  2.261009E-03      1      0      2     14      9      7
 -9.337037E-01  1.905596E-02  1.273937E-04      1      0      2     14      9      7
 -5.556029E-01  7.036516E-02  1.861160E-03      1      0      2     14      9      7
 -7.241449E-01  4.576163E-02  2.314813E-04      1      0      2     14      9      7
 -1.297831E+00  2.482331E-01  6.164629E-04      1      0      2     14      9      7
 -1.265759E+00  3.148747E-01  2.408070E-03      1      0      2     14      9      7
 -5.927906E-01  3.190513E-02  1.971294E-04      1      0      2     14      9      7
 -8.473787E-01  8.805564E-02  5.089783E-04      1      0      2     14      9      7
 -5.222732E-01 -3.746099E-02  5.816864E-04      1      0      2     14      9      7
 -4.710229E-01 -2.089505E-02  8.734971E-04      1      0      2     14      9      7
 -5.989164E-01  3.147638E-02  9.031673E-04      1      0      2     14      9      7
 -6.846661E-01  2.748911E-02  1.197827E-03      1      0      2     14      9      7
 -5.157514E-01 -2.444704E-02  2.673220E-03      1      0      2     14      9      7
 -7.354348E-01  1.184497E-01  2.760457E-04      1      0      2     14      9      7
 -5.909186E-01  3.060370E-02  1.518179E-03      1      0      2     14      9      7
 -8.657516E-01  4.001834E-02  4.010046E-04      1      0      2     14      9      7
 -3.969687E+00  3.278479E-01  3.308819E-05      1      0      2     14      9      7
 -4.911786E-01 -1.160001E-01  7.592776E-04      1      0      2     14      9      7
 -1.256584E+00  1.811421E-01  8.254443E-04      1      0      2     14      9      7
 -6.578768E-01  1.494495E-01  3.419060E-04      1      0      2     14      9      7
 -7.384638E-01  2.743808E-02  5.974352E-04      1      0      2     14      9      7
 -7.659587E-01  4.381933E-03  2.440804E-04      1      0      2     14      9      7
 -6.273601E-01  1.496782E-01  1.224057E-03      1      0      2     14      9      7
 -1.133965E+00  1.909588E-01  6.387693E-05      1      0      2     14      9      7
 -1.573962E+00  3.433910E-01  5.292637E-04      1      0      2     14      9      7
 -1.022067E+00  1.934678E-01  3.327954E-04      1      0      2     14      9      7
 -7.223645E-01  9.073060E-02  9.036510E-04      1      0      2     14      9      7
 -6.425032E-01 -1.179617E-01  8.132967E-04      1      0      2     14      9      7
 -1.265566E+00  2.123668E-01  3.938665E-04      1      0      2     14      9      7
 -1.165442E+00  2.336574E-01  1.612887E-03      1      0      2     14      9      7
 -1.002623E+00 -4.393258E-02  4.629948E-05      1      0      2     14      9      7
 -4.536236E-01 -9.996151E-02  2.039127E-03      1      0      2     14      9      7
 -4.797080E-01 -7.555108E-02  2.603076E-03      1      0      2     14      9      7
 -8.855083E-01  1.973286E-01  2.224512E-04      1      0      2     14      9      7
 -5.293406E-01 -5.549715E-02  4.167104E-04      1      0      2     14      9      7
 -1.370174E+00  3.080244E-01  8.603283E-04      1      0      2     14      9      7
 -6.675449E-01  4.722733E-02  3.260336E-03      1      0      2     14      9      7
 -7.259459E-01  1.948009E-01  1.288289E-03      1      0      2     14      9      7
 -4.540024E-01 -1.572861E-01  3.220560E-04      1      0      2     14      9      7
 -5.244074E-01  1.332251E-02  1.064418E-04      1      0      2     14      9      7
 -5.359938E-01 -4.319964E-02  8.572108E-05      1      0      2     14      9      7
 -9.244308E-01 -1.187939E-02  7.651901E-05      1      0      2     14      9      7
 -4.965280E-01 -3.672066E-02  1.711196E-03      1      0      2     14      9      7
 -4.900059E-01 -1.757355E-01  1.814128E-03      1      0      2     14      9      7
 -8.109072E-01  1.254847E-01  1.177133E-03      1      0      2     14      9      7
 -1.070082E+00  1.264546E-01  5.002707E-04      1      0      2     14      9      7
 -9.217894E-01 -3.667086E-02  5.207603E-05      1      0      2     14      9      7
 -9.237056E-01  3.716387E-02  1.166060E-03      1      0      2     14      9      7
 -9.850107E-01  2.077757E-01  3.733500E-04      1      0      2     14      9      7
 -1.409335E+00  2.490208E-01  1.194118E-04      1      0      2     14      9      7
 -7.190918E-01  3.504467E-02  2.991853E-03      1      0      2     14      9      7
 -1.083619E+00  2.748712E-01  2.825549E-04      1      0      2     14      9      7
 -5.656031E-01  6.366681E-02  2.711813E-03      1      0      2     14      9      7
 -4.537872E-01 -1.826140E-02  2.491544E-03      1      0      2     14      9      7
 -9.166665E-01 -2.965967E-02  9.266025E-05      1      0      2     14      9      7
 -6.081252E-01  3.420731E-02  1.315271E-03      1      0      2     14      9      7
 -7.631190E-01  1.448043E-01  5.276942E-03      1      0      2     14      9      7
 -1.809139E+00  3.583652E-01  2.304278E-04      1      0      2     14      9      7
 -6.446284E-01  9.428774E-03  8.715083E-04      1      0      2     14      9      7
 -6.385456E-01  9.302237E-04  1.502591E-03      1      0      2     14      9      7
 -7.851510E-01  1.384993E-01  1.055173E-03      1      0      2     14      9      7
 -1.299175E+00  2.202703E-01  3.966293E-03      1      0      2     14      9      7
 -6.175567E-01 -1.221920E-01  1.632130E-03      1      0      2     14      9      7
 -8.577665E-01  7.936604E-02  1.891368E-03      1      0      2     14      9      7
 -4.260558E-01 -1.125194E-01  2.988197E-03      1      0      2     14      9      7
 -1.786844E+00  3.923564E-01  7.212223E-06      1      0      2     14      9      7
 -7.401848E-01  9.838813E-02  2.826248E-03      1      0      2     14      9      7
 -4.793649E-01 -1.411455E-02  4.170759E-04      1      0      2     14      9      7
 -5.029069E-01 -5.267083E-02  1.030448E-03      1      0      2     14      9      7
 -5.958322E-01  3.931165E-02  2.155336E-04      1      0      2     14      9      7
 -6.128770E-01  6.102411E-02  6.617207E-04      1      0      2     14      9      7
 -1.202093E+00  2.578699E-01  4.864622E-05      1      0      2     14      9      7
 -6.984287E-01  1.215200E-01  1.009163E-04      1      0      2     14      9      7
 -4.858471E-01 -1.092656E-01  3.828584E-04      1      0      2     14      9      7
 -1.105986E+00  1.934000E-01  1.413420E-04      1      0      2     14      9      7
 -5.658101E-01  2.481604E-02  4.982497E-04      1      0      2     14      9      7
 -6.906839E-01  1.522748E-02  3.983816E-04      1      0      2     14      9      7
 -9.795788E-01  2.274083E-01  3.194599E-04      1      0      2     14      9      7
 -7.203199E-01  8.423200E-02  5.172719E-04      1      0      2     14      9      7
 -1.299583E+00  1.968900E-01  4.408605E-05      1      0      2     14      9      7
 -8.185217E-01  2.942114E-02  1.385738E-03      1      0      2     14      9      7
 -6.387650E-01  1.232594E-01  3.509791E-04      1      0      2     14      9      7
 -1.023977E+00  2.255275E-01  4.473911E-04      1      0      2     14      9      7
 -1.015230E+00  1.736420E-01  1.569618E-04      1      0      2     14      9      7
 -1.114570E+00  2.259119E-01  1.854441E-03      1      0      2     14      9      7
 -8.414262E-01  1.518239E-01  2.983897E-04      1      0      2     14      9      7
 -7.431470E-01  1.886891E-01  1.163803E-03      1      0      2     14      9      7
 -4.911534E-01 -2.081150E-02  7.617501E-04      1      0      2     14      9      7
 -5.009993E-01 -5.737173E-02  2.983790E-03      1      0      2     14      9      7
 -8.007619E-01  1.349576E-01  1.838209E-03      1      0      2     14      9      7
 -5.859681E-01 -8.179163E-02  5.758814E-04      1      0      2     14      9      7
 -1.349003E+00  2.533634E-01  4.581251E-03      1      0      2     14      9      7
 -1.391169E+00  2.691048E-01  3.878733E-03      1      0      2     14      9      7
 -7.677964E-01  1.025325E-01  1.421428E-04      1      0      2     14      9      7
 -4.817695E-01 -8.954678E-02  1.666960E-03      1      0      2     14      9      7
 -8.831245E-01  1.853844E-01  2.089545E-03      1      0      2     14      9      7
 -1.371715E+00  3.551130E-01  4.194463E-04      1      0      2     14      9      7
 -9.760363E-01  1.023063E-01  4.481705E-04      1      0      2     14      9      7
 -7.626798E-01  1.213918E-01  6.378018E-04      1      0      2     14      9      7
 -8.679081E-01  2.972991E-02  1.870996E-04      1      0      2     14      9      7
 -6.385844E-01  3.830399E-02  1.683730E-03      1      0      2     14      9      7
 -7.615336E-01  9.477034E-02  2.521913E-04      1      0      2     14      9      7
 -5.975028E-01 -8.948138E-02  2.965354E-03      1      0      2     14      9      7
 -1.126529E+00  3.369586E-01  1.153375E-03      1      0      2     14      9      7
 -9.127658E-01  1.046215E-01  3.966400E-04      1      0      2     14      9      7
 -6.514183E-01 -8.412671E-02  7.651901E-04      1      0      2     14      9      7
 -4.896044E-01 -4.981984E-02  1.175144E-03      1      0      2     14      9      7
 -7.244811E-01  7.906077E-02  1.233248E-04      1      0      2     14      9      7
 -8.778174E-01  2.149274E-01  5.512637E-04      1      0      2     14      9      7
 -7.288757E-01  1.005337E-01  1.819718E-03      1      0      2     14      9      7
 -1.320394E+00  2.959504E-01  1.518663E-03      1      0      2     14      9      7
 -7.169250E-01  8.616248E-02  2.376680E-04      1      0      2     14      9      7
 -1.146190E+00  1.536482E-01  1.884165E-04      1      0      2     14      9      7
 -1.103051E+00  2.107474E-01  1.325645E-04      1      0      2     14      9      7
 -7.658164E-01  1.291746E-01  1.512481E-04      1      0      2     14      9      7
 -1.075984E+00  1.363156E-01  5.500812E-04      1      0      2     14      9      7
 -1.026075E+00  2.346947E-01  2.113733E-03      1      0      2     14      9      7
 -8.716947E-01  1.027248E-01  1.432716E-03      1      0      2     14      9      7
 -1.150751E+00  2.516179E-01  1.822728E-03      1      0      2     14      9      7
 -8.600411E-01  1.746727E-01  5.366866E-04      1      0      2     14      9      7
 -1.290603E+00  2.361957E-01  7.153098E-05      1      0      2     14      9      7
 -1.049730E+00  2.361763E-01  1.475662E-03      1      0      2     14      9      7
 -4.500765E-01 -7.600556E-02  1.389823E-04      1      0      2     14      9      7
 -7.841443E-01  1.512119E-01  9.281074E-05      1      0      2     14      9      7
 -9.265746E-01  9.954149E-02  1.253028E-03      1      0      2     14      9      7
 -1.270648E+00  2.774854E-01  9.213887E-04      1      0      2     14      9      7
 -8.882264E-01  6.763508E-02  1.463569E-03      1      0      2     14      9      7
 -1.024650E+00  2.256753E-01  4.568028E-04      1      0      2     14      9      7
 -6.078016E-01 -1.233039E-01  1.527370E-04      1      0      2     14      9      7
 -7.487097E-01 -4.650437E-03  2.989004E-04      1      0      2     14      9      7
 -6.216346E-01  2.371414E-02  3.522584E-04      1      0      2     14      9      7
 -6.707410E-01  9.684992E-02  2.789321E-04      1      0      2     14      9      7
 -6.958096E-01  2.462181E-02  4.541852E-04      1      0      2     14      9      7
 -7.600310E-01  5.150261E-02  5.579287E-03      1      0      2     14      9      7
 -4.784492E-01 -9.588247E-02  8.410319E-04      1      0      2     14      9      7
 -7.818221E-01  1.283832E-01  4.822590E-04      1      0      2     14      9      7
 -4.357633E-01 -1.341214E-01  1.727967E-03      1      0      2     14      9      7
 -7.774397E-01  1.485600E-01  9.205287E-04      1      0      2     14      9      7
 -5.198684E-01 -7.050940E-02  9.808366E-04      1      0      2     14      9      7
 -4.734495E-01 -1.307616E-01  1.048562E-03      1      0      2     14      9      7
 -4.246725E-01 -5.961506E-02  2.455263E-03      1      0      2     14      9      7
 -1.236200E+00  2.574495E-01  9.857278E-04      1      0      2     14      9      7
 -6.779199E-01  1.089682E-01  5.142996E-03      1      0      2     14      9      7
 -7.014329E-01  1.418395E-01  2.507293E-03      1      0      2     14      9      7
 -4.983622E-01  2.092810E-02  6.654832E-04      1      0      2     14      9      7
 -5.807047E-01  2.046704E-02  3.238997E-04      1      0      2     14      9      7
 -1.129640E+00  2.738552E-01  4.954977E-03      1      0      2     14      9      7
 -5.164455E-01 -9.327712E-02  2.988466E-03      1      0      2     14      9      7
 -1.796121E+00  3.645514E-01  3.206048E-05      1      0      2     14      9      7
 -5.137162E-01 -5.845293E-02  4.249288E-04      1      0      2     14      9      7
 -6.703472E-01  3.608114E-02  7.588476E-04      1      0      2     14      9      7
 -5.170521E-01 -3.454931E-02  2.877149E-04      1      0      2     14      9      7
 -9.870358E-01  1.365802E-01  7.059572E-04      1      0      2     14      9      7
 -7.164153E-01  1.198238E-01  5.375573E-04      1      0      2     14      9      7
 -5.713762E-01  8.652661E-02  2.932297E-03      1      0      2     14      9      7
 -5.628276E-01  1.790256E-01  1.623530E-03      1      0      2     14      9      7
 -1.327998E+00  2.215754E-01  5.571762E-05      1      0      2     14      9      7
 -5.569091E-01 -1.708852E-02  6.500568E-04      1      0      2     14      9      7
 -1.180757E+00  1.804071E-01  8.537707E-05      1      0      2     14      9      7
 -6.174842E-01  6.987037E-02  1.011421E-03      1      0      2     14      9      7
 -6.209362E-01  4.798568E-02  5.552412E-03      1      0      2     14      9      7
 -4.879071E-01 -6.792184E-03  8.385056E-04      1      0      2     14      9      7
 -1.796958E+00  3.454151E-01  2.358189E-04      1      0      2     14      9      7
 -7.294574E-01  1.521381E-01  6.064653E-04      1      0      2     14      9      7
 -6.118474E-01 -5.959928E-03  1.821922E-04      1      0      2     14      9      7
 -5.184182E-01 -1.884348E-01  2.764650E-03      1      0      2     14      9      7
 -1.116940E+00  1.878009E-01  3.066566E-05      1      0      2     14      9      7
 -9.055599E-01  1.914333E-01  8.547382E-05      1      0      2     14      9      7
 -1.423215E+00  2.294433E-01  1.866804E-04      1      0      2     14      9      7
 -1.017766E+00  2.208286E-01  5.097845E-04      1      0      2     14      9      7
 -1.099956E+00  2.593695E-01  1.474641E-04      1      0      2     14      9      7
 -9.941185E-01  9.094755E-02  1.662767E-04      1      0      2     14      9      7
 -7.857423E-01  8.169397E-02  1.328333E-03      1      0      2     14      9      7
 -7.665278E-01  2.214202E-01  3.250230E-03      1      0      2     14      9      7
 -5.321941E-01  1.075234E-01  3.619066E-04      1      0      2     14      9      7
 -9.178258E-01  1.574479E-01  4.626939E-04      1      0      2     14      9      7
 -6.296224E-01  5.347209E-02  1.743500E-03      1      0      2     14      9      7
 -5.732421E-01 -2.481778E-02  1.576176E-03      1      0      2     14      9      7
 -7.204621E-01  8.310636E-02  6.271592E-04      1      0      2     14      9      7
 -9.731437E-01  9.901425E-02  2.755942E-04      1      0      2     14      9      7
 -6.203139E-01  7.257156E-03  5.593800E-04      1      0      2     14      9      7
 -9.765885E-01  2.404144E-01  1.581551E-03      1      0      2     14      9      7
 -8.668924E-01 -2.507994E-02  2.128891E-05      1      0      2     14      9      7
 -1.234387E+00  2.270915E-01  8.710246E-04      1      0      2     14      9      7
 -6.361864E-01  1.387380E-01  7.322411E-04      1      0      2     14      9      7
 -1.101839E+00  2.492524E-01  1.683676E-03      1      0      2     14      9      7
 -7.228409E-01  1.068451E-01  1.223412E-03      1      0      2     14      9      7
 -5.161969E-01 -1.043704E-01  2.548896E-04      1      0      2     14      9      7
 -8.033819E-01  1.297323E-01  1.289364E-04      1      0      2     14      9      7
 -2.636203E+00  5.099458E-01  8.050191E-04      1      0      2     14      9      7
 -6.839457E-01 -4.074076E-02  3.634922E-04      1      0      2     14      9      7
 -1.160736E+00  1.441997E-01  2.151519E-03      1      0      2     14      9      7
 -5.401636E-01 -2.836514E-02  6.444668E-04      1      0      2     14      9      7
 -1.163949E+00  2.561994E-01  2.302719E-03      1      0      2     14      9      7
 -8.488539E-01  1.088001E-03  5.358803E-04      1      0      2     14      9      7
 -7.422644E-01  7.120180E-02  3.999618E-04      1      0      2     14      9      7
 -8.454971E-01  1.121405E-01  2.990778E-03      1      0      2     14      9      7
 -5.898183E-01  8.613721E-02  1.187722E-03      1      0      2     14      9      7
 -7.815280E-01  1.231185E-01  1.592999E-03      1      0      2     14      9      7
 -5.579256E-01  4.766320E-02  1.794725E-03      1      0      2     14      9      7
 -1.343573E+00  2.667012E-01  3.781983E-03      1      0      2     14      9      7
 -6.643034E-01  8.400032E-02  2.111422E-04      1      0      2     14      9      7
 -7.334101E-01  1.269830E-01  8.581782E-05      1      0      2     14      9      7
 -5.617234E-01  3.138930E-02  2.941918E-03      1      0      2     14      9      7
 -7.585909E-01  1.369134E-01  9.400938E-04      1      0      2     14      9      7
 -9.849188E-01  2.543697E-01  5.319512E-04      1      0      2     14      9      7
 -1.413221E+00  2.667243E-01  4.675797E-04      1      0      2     14      9      7
 -1.182832E+00  2.522132E-01  2.822808E-05      1      0      2     14      9      7
 -4.770731E-01  1.337776E-02  1.953503E-03      1      0      2     14      9      7
 -7.866584E-01  5.417040E-02  5.488987E-04      1      0      2     14      9      7
 -1.149720E+00  1.909023E-01  4.613071E-05      1      0      2     14      9      7
 -6.256518E-01  7.292658E-02  7.857228E-04      1      0      2     14      9      7
 -9.954212E-01  1.216041E-01  2.497887E-04      1      0      2     14      9      7
 -5.692234E-01  8.989681E-02  1.562684E-04      1      0      2     14      9      7
 -7.111264E-01  3.726513E-02  1.908407E-03      1      0      2     14      9      7
 -1.356829E+00  2.199524E-01  7.555688E-05      1      0      2     14      9      7
 -6.741328E-01  1.070172E-02  4.003864E-04      1      0      2     14      9      7
 -1.491679E+00  2.887583E-01  1.018784E-03      1      0      2     14      9      7
 -8.764598E-01  1.593207E-01  1.409657E-03      1      0      2     14      9      7
 -6.884958E-01  1.154198E-01  2.549971E-03      1      0      2     14      9      7
 -6.850707E-01  9.034465E-02  5.647550E-04      1      0      2     14      9      7
 -8.657592E-01  1.825731E-01  2.336259E-04      1      0      2     14      9      7
 -1.386157E+00  3.465678E-01  1.582142E-03      1      0      2     14      9      7
 -1.144341E+00  1.644052E-01  1.686095E-04      1      0      2     14      9      7
 -6.619777E-01  4.638723E-03  1.006529E-03      1      0      2     14      9      7
 -1.075805E+00  1.813571E-01  1.014484E-03      1      0      2     14      9      7
 -9.138660E-01  8.580942E-02  1.150956E-03      1      0      2     14      9      7
 -7.705851E-01  3.344458E-02  1.628475E-04      1      0      2     14      9      7
 -7.370049E-01 -4.990060E-02  4.481866E-04      1      0      2     14      9      7
 -1.084175E+00  2.601806E-01  5.871152E-04      1      0      2     14      9      7
 -6.624912E-01  6.739877E-02  7.749189E-04      1      0      2     14      9      7
 -1.257366E+00  2.585238E-01  1.030502E-03      1      0      2     14      9      7
 -4.803364E-01 -9.444039E-02  7.970641E-04      1      0      2     14      9      7
 -8.755210E-01  1.276808E-01  4.453110E-04      1      0      2     14      9      7
 -9.026729E-01  1.256196E-01  4.824310E-03      1      0      2     14      9      7
 -6.566890E-01  2.541776E-02  3.129400E-04      1      0      2     14      9      7
 -1.246643E+00  2.329959E-01  4.830223E-04      1      0      2     14      9      7
 -5.014740E-01 -6.547037E-02  2.596841E-04      1      0      2     14      9      7
 -4.674978E-01 -3.593464E-02  9.117673E-04      1      0      2     14      9      7
 -1.001135E+00  1.004252E-01  7.645989E-05      1      0      2     14      9      7
 -5.233352E-01  1.674013E-02  1.761937E-03      1      0      2     14      9      7
 -1.112298E+00  1.595131E-01  1.112095E-03      1      0      2     14      9      7
 -8.410889E-01  1.481645E-01  4.522770E-03      1      0      2     14      9      7
 -1.207725E+00  2.932307E-01  8.890847E-05      1      0      2     14      9      7
 -3.780869E-01 -9.984624E-02  2.200325E-03      1      0      2     14      9      7
 -9.977450E-01  2.159052E-01  8.393656E-04      1      0      2     14      9      7
 -4.638266E-01 -8.684245E-02  6.418330E-04      1      0      2     14      9      7
 -4.887714E-01 -6.923745E-02  1.051250E-03      1      0      2     14      9      7
 -5.861616E-01  1.609009E-02  4.504764E-04      1      0      2     14      9      7
 -6.382094E-01  4.589175E-02  3.720331E-04      1      0      2     14      9      7
 -1.262861E+00  2.811800E-01  4.838177E-04      1      0      2     14      9      7
 -6.800609E-01  5.208450E-02  2.311534E-04      1      0      2     14      9      7
 -9.362237E-01  1.495250E-01  2.096963E-04      1      0      2     14      9      7
 -8.556646E-01  1.140575E-01  3.812728E-04      1      0      2     14      9      7
 -8.675800E-01  2.025352E-01  1.937754E-03      1      0      2     14      9      7
 -1.018447E+00  1.539261E-01  2.368617E-04      1      0      2     14      9      7
 -1.070742E+00  2.556811E-01  6.320505E-04      1      0      2     14      9      7
 -8.952472E-01  1.611029E-01  1.664272E-03      1      0      2     14      9      7
 -8.215200E-01  8.732195E-02  3.590847E-04      1      0      2     14      9      7
 -7.521286E-01  1.528993E-01  3.199383E-03      1      0      2     14      9      7
 -5.636175E-01  3.290370E-02  2.537393E-04      1      0      2     14      9      7
 -1.178462E+00  1.900803E-01  5.667975E-05      1      0      2     14      9      7
 -8.183017E-01  1.288512E-01  9.539614E-04      1      0      2     14      9      7
 -5.211035E-01  2.668872E-03  2.266276E-04      1      0      2     14      9      7
 -2.008564E+00  4.227577E-01  1.256737E-04      1      0      2     14      9      7
 -6.037160E-01 -9.228153E-02  9.375675E-04      1      0      2     14      9      7
 -1.074538E+00 -3.249253E-02  8.565120E-05      1      0      2     14      9      7
 -4.062000E+00  2.890539E-01  9.514351E-04      1      0      2     14      9      7
 -7.270378E-01  7.392353E-02  3.632879E-04      1      0      2     14      9      7
 -1.091568E+00  1.252158E-01  9.191311E-04      1      0      2     14      9      7
 -7.800290E-01  9.600704E-02  9.267099E-04      1      0      2     14      9      7
 -4.739833E-01 -1.583158E-01  9.467051E-04      1      0      2     14      9      7
 -4.425291E-01 -6.256043E-02  2.546638E-04      1      0      2     14      9      7
 -7.451177E-01  1.039841E-01  9.792778E-04      1      0      2     14      9      7
 -8.294348E-01  3.571364E-02  4.402316E-04      1      0      2     14      9      7
 -1.466343E+00  2.849790E-01  2.743902E-04      1      0      2     14      9      7
 -6.198365E-01  4.091035E-02  6.092603E-04      1      0      2     14      9      7
 -3.685781E-01 -1.283524E-01  4.603611E-04      1      0      2     14      9      7
 -8.155579E-01  1.927456E-02  2.601034E-04      1      0      2     14      9      7
 -7.661343E-01  1.091821E-01  8.986523E-04      1      0      2     14      9      7
 -6.115025E-01 -9.505471E-02  1.614983E-03      1      0      2     14      9      7
 -1.026010E+00  1.424925E-01  5.506724E-04      1      0      2     14      9      7
 -8.203471E-01  1.442219E-01  6.395218E-04      1      0      2     14      9      7
 -6.309129E-01  8.576853E-02  1.048347E-04      1      0      2     14      9      7
 -6.813783E-01 -4.748483E-03  1.871157E-04      1      0      2     14      9      7
 -4.991527E-01  3.720196E-02  2.545886E-03      1      0      2     14      9      7
 -8.161897E-01  1.242500E-01  1.814451E-03      1      0      2     14      9      7
 -5.342998E-01 -4.430954E-02  1.920447E-03      1      0      2     14      9      7
 -5.689456E-01  1.326214E-01  3.803537E-03      1      0      2     14      9      7
 -1.224437E+00  2.466898E-01  4.719335E-04      1      0      2     14      9      7
 -6.040029E-01  1.207945E-01  5.176805E-03      1      0      2     14      9      7
 -9.563167E-01  1.588533E-01  1.826760E-04      1      0      2     14      9      7
 -7.544693E-01  1.518708E-01  1.670722E-03      1      0      2     14      9      7
 -7.397316E-01  6.891876E-02  1.068450E-03      1      0      2     14      9      7
 -5.134581E-01 -7.500758E-02  2.174417E-04      1      0      2     14      9      7
 -6.755628E-01  9.182042E-02  2.510411E-04      1      0      2     14      9      7
 -6.190049E-01  9.383960E-02  1.039532E-03      1      0      2     14      9      7
 -1.396018E+00  2.576073E-01  5.522849E-03      1      0      2     14      9      7
 -7.476779E-01  5.226572E-02  4.227466E-04      1      0      2     14      9      7
 -5.722475E-01  6.359132E-03  2.628016E-04      1      0      2     14      9      7
 -1.195375E+00  2.558075E-01  9.773428E-04      1      0      2     14      9      7
 -5.118664E-01 -1.200112E-01  4.335665E-04      1      0      2     14      9      7
 -1.357911E+00  3.034116E-01  2.565935E-03      1      0      2     14      9      7
 -6.388422E-01 -1.229618E-02  9.025223E-05      1      0      2     14      9      7
 -1.304209E+00  2.950660E-01  1.328924E-04      1      0      2     14      9      7
 -1.350217E+00  3.304752E-01  2.960677E-04      1      0      2     14      9      7
 -5.369485E-01  7.300947E-02  4.206557E-03      1      0      2     14      9      7
 -6.301922E-01 -2.659931E-02  1.729472E-03      1      0      2     14      9      7
 -9.695651E-01  1.931911E-02  1.575638E-04      1      0      2     14      9      7
 -1.049844E+00  7.239935E-03  3.297799E-05      1      0      2     14      9      7
 -5.705139E-01 -1.212437E-01  7.265436E-04      1      0      2     14      9      7
 -5.482658E-01 -2.868091E-02  1.246955E-03      1      0      2     14      9      7
 -7.490721E-01  1.527981E-01  6.318892E-04      1      0      2     14      9      7
 -6.949074E-01  9.479581E-04  1.046304E-04      1      0      2     14      9      7
 -6.228893E-01  1.824228E-01  2.628500E-04      1      0      2     14      9      7
 -6.196006E-01  5.768252E-02  2.953475E-03      1      0      2     14      9      7
 -5.599797E-01  1.100161E-02  1.281516E-03      1      0      2     14      9      7
 -5.755024E-01  9.026821E-02  1.938399E-03      1      0      2     14      9      7
 -1.853612E+00  4.391497E-01  1.305220E-03      1      0      2     14      9      7
 -6.931798E-01  1.190518E-01  7.214373E-04      1      0      2     14      9      7
 -9.413610E-01  2.684893E-01  2.401136E-03      1      0      2     14      9      7
 -1.507832E+00  3.260902E-01  4.308629E-04      1      0      2     14      9      7
 -5.646597E-01  1.104866E-01  5.916302E-04      1      0      2     14      9      7
 -6.159097E-01  2.123077E-02  4.505677E-04      1      0      2     14      9      7
 -1.007852E+00  1.007674E-01  2.171300E-03      1      0      2     14      9      7
 -1.180514E+00  2.050029E-01  2.899993E-03      1      0      2     14      9      7
 -1.242492E+00  2.750848E-01  1.651265E-04      1      0      2     14      9      7
 -8.433293E-01  1.531001E-01  8.772596E-04      1      0      2     14      9      7
 -1.117750E+00  2.020470E-01  1.568435E-03      1      0      2     14      9      7
 -1.232557E+00  2.768743E-01  4.784857E-04      1      0      2     14      9      7
 -6.131965E-01 -9.634280E-02  1.400412E-03      1      0      2     14      9      7
 -9.268302E-01  9.662487E-02  3.221420E-04      1      0      2     14      9      7
 -6.231838E-01  7.122997E-02  2.403232E-03      1      0      2     14      9      7
 -6.189403E-01 -2.463305E-02  2.007468E-03      1      0      2     14      9      7
 -5.965661E-01 -5.761340E-02  1.215188E-03      1      0      2     14      9      7
 -5.628767E-01 -1.867981E-02  1.200246E-03      1      0      2     14      9      7
 -6.059074E-01 -8.840040E-03  1.556288E-03      1      0      2     14      9      7
 -9.699221E-01  9.978669E-02  1.935067E-03      1      0      2     14      9      7
 -9.526602E-01  1.824968E-01  1.981238E-03      1      0      2     14      9      7
 -6.450242E-01  1.065345E-01  6.318892E-04      1      0      2     14      9      7
 -1.181427E+00  1.553828E-01  1.275604E-03      1      0      2     14      9      7
 -7.195179E-01  3.712057E-02  1.378858E-03      1      0      2     14      9      7
 -2.081340E+00  4.596768E-01  1.743178E-05      1      0      2     14      9      7
 -8.145898E-01  1.187686E-01  1.096024E-03      1      0      2     14      9      7
 -6.167865E-01 -1.396654E-01  2.542607E-03      1      0      2     14      9      7
 -6.886966E-01  1.318022E-01  2.425539E-03      1      0      2     14      9      7
 -1.319233E+00  2.974150E-01  4.248482E-04      1      0      2     14      9      7
 -5.133091E-01 -5.047070E-02  1.590527E-03      1      0      2     14      9      7
 -1.127275E+00  9.972571E-02  2.117065E-04      1      0      2     14      9      7
 -1.403066E+00  2.399749E-01  3.109673E-04      1      0      2     14      9      7
 -1.049339E+00  2.444302E-01  5.571762E-03      1      0      2     14      9      7
 -9.582256E-01  5.420578E-02  3.466253E-04      1      0      2     14      9      7
 -1.136250E+00  9.753431E-02  8.338831E-05      1      0      2     14      9      7
 -2.907769E+00  6.744393E-01  2.032892E-03      1      0      2     14      9      7
 -1.196799E+00  1.441548E-01  4.686816E-04      1      0      2     14      9      7
 -4.527029E-01 -1.464235E-01  1.333923E-03      1      0      2     14      9      7
 -5.961343E-01 -5.659080E-02  2.984489E-03      1      0      2     14      9      7
 -6.790768E-01  1.173936E-02  2.098522E-04      1      0      2     14      9      7
 -7.024837E-01  4.292088E-02  3.449913E-03      1      0      2     14      9      7
 -7.857610E-01  3.299732E-02  2.892253E-03      1      0      2     14      9      7
 -7.400587E-01  4.118869E-02  1.030018E-03      1      0      2     14      9      7
 -1.213095E+00  1.829017E-01  7.611051E-05      1      0      2     14      9      7
 -8.859272E-01  9.453408E-02  1.472276E-04      1      0      2     14      9      7
 -6.738099E-01  1.772747E-01  8.237243E-04      1      0      2     14      9      7
 -1.414343E+00  2.852027E-01  1.314734E-03      1      0      2     14      9      7
 -3.724309E-01 -4.465972E-02  2.267781E-04      1      0      2     14      9      7
 -1.220518E+00  2.144904E-01  1.669970E-03      1      0      2     14      9      7
 -1.256198E+00  1.883895E-01  8.200155E-05      1      0      2     14      9      7
 -9.358695E-01  1.166243E-01  2.148886E-03      1      0      2     14      9      7
 -1.135195E+00  2.270691E-01  4.635216E-04      1      0      2     14      9      7
 -7.400680E-01  1.622039E-01  2.783570E-03      1      0      2     14      9      7
 -1.097499E+00  2.286867E-01  5.547037E-04      1      0      2     14      9      7
 -6.937151E-01  1.325200E-01  7.874965E-04      1      0      2     14      9      7
 -9.318189E-01  8.933078E-02  5.483074E-05      1      0      2     14      9      7
 -8.159429E-01  1.523976E-01  1.079576E-03      1      0      2     14      9      7
 -1.055689E+00 -1.825415E-02  6.802108E-05      1      0      2     14      9      7
 -7.343601E-01  1.080741E-01  3.003839E-04      1      0      2     14      9      7
 -9.020514E-01  1.645612E-01  7.823902E-05      1      0      2     14      9      7
 -6.100141E-01 -1.629446E-02  1.802088E-03      1      0      2     14      9      7
 -7.151485E-01  1.512928E-01  7.933553E-04      1      0      2     14      9      7
 -1.230365E+00  2.144699E-01  5.226524E-04      1      0      2     14      9      7
 -1.043582E+00  1.460509E-01  5.910927E-05      1      0      2     14      9      7
 -8.823647E-01  1.397969E-01  2.189790E-04      1      0      2     14      9      7
 -4.502857E-01 -7.173419E-02  8.751096E-04      1      0      2     14      9      7
 -6.392153E-01 -3.229044E-02  1.972907E-04      1      0      2     14      9      7
 -1.322032E+00  2.424418E-01  9.428351E-04      1      0      2     14      9      7
 -5.814452E-01  6.585217E-02  4.613555E-04      1      0      2     14      9      7
 -8.631388E-01  1.917653E-01  3.881582E-04      1      0      2     14      9      7
 -8.381428E-01  2.151639E-01  2.321747E-04      1      0      2     14      9      7
 -4.917524E-01 -1.168071E-01  2.338893E-03      1      0      2     14      9      7
 -7.265615E-01  1.648353E-01  6.144741E-04      1      0      2     14      9      7
 -6.201845E-01  3.179952E-02  1.876748E-04      1      0      2     14      9      7
 -7.742348E-01  1.972091E-01  9.262799E-04      1      0      2     14      9      7
 -4.968546E-01  6.543833E-02  1.384556E-03      1      0      2     14      9      7
 -1.093225E+00  9.790366E-02  1.933347E-05      1      0      2     14      9      7
 -5.393710E-01 -1.005789E-01  6.882196E-04      1      0      2     14      9      7
 -1.043762E+00  2.376946E-01  3.275601E-03      1      0      2     14      9      7
 -1.043782E+00  1.821137E-01  9.785790E-05      1      0      2     14      9      7
 -6.885681E-01 -3.443095E-03  7.688451E-04      1      0      2     14      9      7
 -9.501224E-01  1.353476E-01  6.861771E-04      1      0      2     14      9      7
 -8.510544E-01  1.142611E-01  2.627640E-03      1      0      2     14      9      7
 -6.720004E-01  4.714636E-02  1.732052E-03      1      0      2     14      9      7
 -5.632845E-01  8.472138E-02  2.614794E-03      1      0      2     14      9      7
 -7.007095E-01  2.826212E-02  1.231689E-03      1      0      2     14      9      7
 -7.659286E-01  1.441101E-01  2.731647E-03      1      0      2     14      9      7
 -7.677360E-01  1.454319E-01  2.463433E-04      1      0      2     14      9      7
 -8.880415E-01  1.676049E-01  2.758791E-03      1      0      2     14      9      7
 -8.613572E-01  1.452825E-01  1.688030E-03      1      0      2     14      9      7
 -5.175163E-01 -1.389422E-01  2.280574E-03      1      0      2     14      9      7
 -4.114358E-01 -6.987904E-02  5.128806E-04      1      0      2     14      9      7
 -9.105858E-01  7.594528E-02  1.529574E-03      1      0      2     14      9      7
 -6.005668E-01 -6.326967E-02  9.812128E-04      1      0      2     14      9      7
 -5.827369E-01 -3.673988E-02  3.711785E-04      1      0      2     14      9      7
 -9.071597E-01  1.377106E-01  2.018326E-03      1      0      2     14      9      7
 -4.157351E-01 -1.601766E-01  2.920687E-03      1      0      2     14      9      7
 -2.444930E+00  4.254779E-01  2.145499E-03      1      0      2     14      9      7
 -6.193099E-01  4.908633E-02  1.300275E-03      1      0      2     14      9      7
 -9.757893E-01  9.228147E-02  2.192585E-04      1      0      2     14      9      7
 -1.088651E+00  1.898939E-01  2.271867E-04      1      0      2     14      9      7
 -8.244157E-01  1.553838E-01  7.901840E-04      1      0      2     14      9      7
 -6.270542E-01 -2.962880E-03  8.395269E-04      1      0      2     14      9      7
 -1.517506E+00  3.071228E-01  1.591011E-05      1      0      2     14      9      7
 -6.884052E-01  9.604655E-02  3.078229E-04      1      0      2     14      9      7
 -8.919760E-01  1.540769E-01  1.278398E-04      1      0      2     14      9      7
 -8.225336E-01  2.624995E-02  1.723075E-04      1      0      2     14      9      7
 -5.048763E-01 -1.932158E-02  4.031814E-04      1      0      2     14      9      7
 -7.437485E-01  1.080738E-01  1.665401E-04      1      0      2     14      9      7
 -8.879454E-01  6.755897E-02  5.006308E-04      1      0      2     14      9      7
 -7.052066E-01  7.113670E-02  5.936727E-04      1      0      2     14      9      7
 -1.127406E+00  2.034103E-01  4.065301E-04      1      0      2     14      9      7
 -1.793742E+00  3.647642E-01  2.177965E-04      1      0      2     14      9      7
 -7.396216E-01  1.296085E-01  1.544355E-03      1      0      2     14      9      7
 -5.289656E-01 -9.834554E-02  6.602694E-04      1      0      2     14      9      7
 -1.232096E+00  2.684494E-01  2.494178E-05      1      0      2     14      9      7
 -9.747697E-01  2.408456E-01  1.986022E-03      1      0      2     14      9      7
 -5.945429E-01 -3.704102E-04  1.101076E-03      1      0      2     14      9      7
 -8.096091E-01  1.179825E-01  1.990537E-04      1      0      2     14      9      7
 -6.422514E-01  1.386481E-01  4.560933E-03      1      0      2     14      9      7
 -1.038103E+00  1.325709E-01  2.486115E-03      1      0      2     14      9      7
 -7.295705E-01  3.474261E-02  1.174015E-04      1      0      2     14      9      7
 -1.026517E+00  1.142686E-01  1.159342E-05      1      0      2     14      9      7
 -1.064227E+00  8.980733E-02  2.551153E-04      1      0      2     14      9      7
 -9.098608E-01  1.273944E-01  6.307067E-04      1      0      2     14      9      7
 -6.301484E-01  9.882832E-02  3.839066E-03      1      0      2     14      9      7
 -5.712574E-01  1.207180E-01  3.714257E-03      1      0      2     14      9      7
 -7.072636E-01  9.397635E-02  1.446207E-03      1      0      2     14      9      7
 -1.510545E+00  3.181188E-01  5.570687E-04      1      0      2     14      9      7
 -6.554361E-01  1.035993E-01  8.026541E-04      1      0      2     14      9      7
 -1.087244E+00  2.888949E-01  5.560475E-03      1      0      2     14      9      7
 -1.549953E+00  2.917868E-01  9.863191E-05      1      0      2     14      9      7
 -5.380294E-01  3.799863E-02  1.393102E-04      1      0      2     14      9      7
 -6.412731E-01 -9.316470E-02  1.820901E-04      1      0      2     14      9      7
 -6.243632E-01  6.444410E-02  2.955087E-04      1      0      2     14      9      7
 -9.121476E-01  3.519728E-02  1.449970E-03      1      0      2     14      9      7
 -6.593559E-01  5.648603E-02  2.340774E-04      1      0      2     14      9      7
 -1.139563E+00  2.738369E-01  3.566283E-05      1      0      2     14      9      7
 -6.800294E-01  1.763242E-02  2.553034E-04      1      0      2     14      9      7
 -5.540904E-01  1.746265E-02  1.680774E-03      1      0      2     14      9      7
 -5.891106E-01  1.136580E-02  1.668949E-03      1      0      2     14      9      7
 -5.812234E-01  1.073259E-02  1.269852E-03      1      0      2     14      9      7
 -7.847075E-01  1.823527E-01  3.846053E-04      1      0      2     14      9      7
 -8.749324E-01  3.318888E-02  9.994342E-05      1      0      2     14      9      7
 -5.530946E-01  7.562130E-02  5.490599E-04      1      0      2     14      9      7
 -9.339303E-01  1.048920E-01  1.068181E-03      1      0      2     14      9      7
 -9.642538E-01  1.714575E-01  9.811591E-04      1      0      2     14      9      7
 -7.813490E-01  6.220095E-02  5.515324E-04      1      0      2     14      9      7
 -9.196282E-01  3.170676E-02  4.121040E-05      1      0      2     14      9      7
 -8.704900E-01  1.629774E-01  3.787627E-04      1      0      2     14      9      7
 -6.562844E-01  6.588356E-02  1.961781E-03      1      0      2     14      9      7
 -9.245263E-01  2.085409E-01  1.140744E-03      1      0      2     14      9      7
 -8.437895E-01  2.419357E-01  1.710121E-04      1      0      2     14      9      7
 -7.072622E-01  1.426604E-01  2.089115E-03      1      0      2     14      9      7
 -7.445172E-01  5.785520E-02  5.384174E-04      1      0      2     14      9      7
 -1.733058E+00  3.252181E-01  2.485524E-03      1      0      2     14      9      7
 -5.645431E-01  1.150606E-01  8.819359E-04      1      0      2     14      9      7
 -7.257034E-01  9.492375E-02  3.220238E-03      1      0      2     14      9      7
 -6.970640E-01 -3.264998E-02  1.536777E-03      1      0      2     14      9      7
 -8.263953E-01  4.170413E-02  2.349858E-04      1      0      2     14      9      7
 -7.081074E-01  1.167536E-01  9.638514E-04      1      0      2     14      9      7
 -9.949557E-01  1.395468E-01  5.518549E-04      1      0      2     14      9      7
 -8.783539E-01  1.673306E-01  1.600094E-04      1      0      2     14      9      7
 -8.878318E-01  1.522209E-01  5.365952E-04      1      0      2     14      9      7
 -6.427637E-01 -3.538808E-02  6.367268E-04      1      0      2     14      9      7
 -7.968813E-01  1.837865E-01  9.018235E-04      1      0      2     14      9      7
 -6.266305E-01 -1.284575E-02  1.477544E-03      1      0      2     14      9      7
 -1.258177E+00  1.628902E-01  1.320485E-03      1      0      2     14      9      7
 -6.625072E-01  5.158391E-02  2.093630E-04      1      0      2     14      9      7
 -8.455018E-01  7.313993E-02  6.014128E-04      1      0      2     14      9      7
 -6.857270E-01  5.741106E-02  3.849117E-03      1      0      2     14      9      7
 -4.563633E-01 -1.920457E-01  1.020451E-03      1      0      2     14      9      7
 -7.848061E-01  1.432052E-01  8.698958E-04      1      0      2     14      9      7
 -1.425703E+00  2.848052E-01  3.244103E-03      1      0      2     14      9      7
 -1.267900E+00  2.473546E-01  1.247008E-04      1      0      2     14      9      7
 -8.633936E-01  1.602590E-01  2.313093E-03      1      0      2     14      9      7
 -6.234690E-01  7.630511E-02  1.206481E-03      1      0      2     14      9      7
 -5.070102E-01  1.932928E-03  1.716356E-04      1      0      2     14      9      7
 -6.870438E-01  2.382702E-02  7.154710E-04      1      0      2     14      9      7
 -8.198679E-01  7.137247E-02  1.069471E-03      1      0      2     14      9      7
 -5.005239E-01  3.456699E-02  1.376977E-03      1      0      2     14      9      7
 -8.571617E-01  6.531710E-02  1.653737E-03      1      0      2     14      9      7
 -1.303201E+00  2.669493E-01  3.951297E-04      1      0      2     14      9      7
 -7.016722E-01  6.181890E-02  7.672864E-04      1      0      2     14      9      7
 -7.927880E-01  1.452104E-01  4.192582E-04      1      0      2     14      9      7
 -9.537457E-01  1.021964E-01  3.893676E-03      1      0      2     14      9      7
 -7.314984E-01  9.876914E-02  2.034935E-04      1      0      2     14      9      7
 -3.908386E-01 -6.231968E-02  3.491355E-04      1      0      2     14      9      7
 -1.204952E+00  2.364258E-01  5.144286E-03      1      0      2     14      9      7
 -6.866201E-01 -1.248850E-02  2.292775E-03      1      0      2     14      9      7
 -4.585082E-01 -1.041136E-01  1.421697E-03      1      0      2     14      9      7
 -5.516987E-01 -2.870429E-02  3.037809E-03      1      0      2     14      9      7
 -9.783568E-01  1.635942E-01  4.083415E-04      1      0      2     14      9      7
 -5.312477E-01  1.020641E-02  1.172672E-04      1      0      2     14      9      7
 -9.300736E-01 -4.809202E-03  2.213010E-03      1      0      2     14      9      7
 -8.189566E-01  1.561934E-01  3.493827E-03      1      0      2     14      9      7
 -4.667954E-01 -1.998516E-01  5.472862E-04      1      0      2     14      9      7
 -7.440408E-01  1.292389E-02  8.664558E-04      1      0      2     14      9      7
 -4.742551E-01 -1.349228E-01  6.195804E-04      1      0      2     14      9      7
 -1.702467E+00  3.197484E-01  1.361067E-03      1      0      2     14      9      7
 -1.076080E+00  2.743291E-02  2.508045E-05      1      0      2     14      9      7
 -7.162730E-01  1.631877E-02  3.324137E-04      1      0      2     14      9      7
 -1.167105E+00  2.452075E-01  1.070707E-04      1      0      2     14      9      7
 -7.038739E-01  1.082478E-01  3.344562E-04      1      0      2     14      9      7
 -1.400053E+00  2.504471E-01  7.759402E-05      1      0      2     14      9      7
 -6.227931E-01  9.263721E-02  1.813860E-04      1      0      2     14      9      7
 -1.856942E+00  3.857211E-01  4.820225E-04      1      0      2     14      9      7
 -1.015753E+00  1.768526E-01  1.906740E-03      1      0      2     14      9      7
 -7.129552E-01  2.976572E-02  5.172988E-04      1      0      2     14      9      7
 -8.153174E-01  2.117324E-01  1.786877E-03      1      0      2     14      9      7
 -1.304576E+00  2.063100E-01  1.768064E-03      1      0      2     14      9      7
 -1.247341E+00  3.569851E-01  1.896796E-03      1      0      2     14      9      7
 -1.137469E+00  1.661631E-01  6.701595E-05      1      0      2     14      9      7
 -6.459407E-01 -2.058704E-02  2.428871E-04      1      0      2     14      9      7
 -9.681579E-01  2.181199E-01  1.122523E-03      1      0      2     14      9      7
 -6.581778E-01  1.784318E-01  2.608989E-03      1      0      2     14      9      7
 -1.304978E+00  2.983970E-01  3.629762E-04      1      0      2     14      9      7
 -1.013060E+00  1.710723E-01  1.718614E-03      1      0      2     14      9      7
 -1.538870E+00  3.026137E-01  1.804185E-03      1      0      2     14      9      7
 -9.612576E-01  1.135507E-01  5.998003E-04      1      0      2     14      9      7
 -1.207631E+00  1.830444E-01  4.340610E-05      1      0      2     14      9      7
 -7.702124E-01  1.450855E-01  2.360232E-03      1      0      2     14      9      7
 -1.176154E+00  1.552294E-01  3.452332E-05      1      0      2     14      9      7
 -1.062511E+00  1.365764E-01  3.671418E-04      1      0      2     14      9      7
 -1.517994E+00  3.867802E-01  1.556342E-04      1      0      2     14      9      7
 -6.403074E-01  2.974504E-02  2.014187E-03      1      0      2     14      9      7
 -4.643642E-01 -1.761857E-02  2.804694E-03      1      0      2     14      9      7
 -9.484028E-01  2.579936E-01  1.536131E-04      1      0      2     14      9      7
 -8.593431E-01  1.584506E-01  3.145310E-04      1      0      2     14      9      7
 -1.845949E+00  2.926520E-01  5.524462E-03      1      0      2     14      9      7
 -8.604642E-01  2.978388E-02  1.788812E-03      1      0      2     14      9      7
 -9.674794E-01  2.641825E-02  4.559482E-04      1      0      2     14      9      7
 -8.751359E-01  3.899326E-02  1.076835E-04      1      0      2     14      9      7
 -8.080548E-01  1.279671E-02  6.961209E-04      1      0      2     14      9      7
 -1.290353E+00  2.290453E-01  1.600417E-03      1      0      2     14      9      7
 -8.402522E-01  2.182960E-01  3.918831E-03      1      0      2     14      9      7
 -1.617217E+00  3.689035E-01  6.303305E-04      1      0      2     14      9      7
 -3.819942E-01  9.448040E-03  1.694373E-03      1      0      2     14      9      7
 -5.573436E-01  6.858746E-02  1.249750E-04      1      0      2     14      9      7
 -4.829016E-01  2.772131E-02  6.111953E-04      1      0      2     14      9      7
 -9.173182E-01  5.938696E-02  5.771176E-04      1      0      2     14      9      7
 -6.126653E-01  1.070672E-02  7.259524E-04      1      0      2     14      9      7
 -5.817111E-01  6.262320E-02  3.236040E-03      1      0      2     14      9      7
 -4.403558E-01 -8.380892E-02  1.873146E-04      1      0      2     14      9      7
 -1.098005E+00  2.441355E-01  5.194542E-04      1      0      2     14      9      7
 -1.474910E+00  3.349883E-01  1.415623E-03      1      0      2     14      9      7
 -1.233998E+00  2.882058E-01  3.896793E-04      1      0      2     14      9      7
 -5.882293E-01  1.127884E-01  5.851802E-04      1      0      2     14      9      7
 -8.574596E-01  1.361110E-01  2.958957E-03      1      0      2     14      9      7
 -6.314909E-01  1.008576E-01  1.195301E-04      1      0      2     14      9      7
 -1.235993E+00  1.966208E-01  2.253161E-05      1      0      2     14      9      7
 -8.948251E-01  2.835223E-01  8.184030E-05      1      0      2     14      9      7
 -6.340265E-01 -4.209257E-02  8.242618E-04      1      0      2     14      9      7
 -1.218541E+00  2.228143E-01  9.944891E-05      1      0      2     14      9      7
 -6.273655E-01  2.997435E-02  5.786226E-05      1      0      2     14      9      7
 -1.197079E+00  2.113770E-01  5.743226E-06      1      0      2     14      9      7
 -1.387907E+00  2.531970E-01  2.192692E-04      1      0      2     14      9      7
 -8.252652E-01  4.532964E-02  8.719383E-04      1      0      2     14      9      7
 -7.879690E-01  1.417699E-01  5.812026E-04      1      0      2     14      9      7
 -5.597328E-01  2.180234E-03  2.620276E-03      1      0      2     14      9      7
 -6.078737E-01  5.513576E-02  1.156708E-03      1      0      2     14      9      7
 -8.373556E-01  1.028164E-01  1.456366E-03      1      0      2     14      9      7
 -2.537135E+00  4.490238E-01  1.547204E-04      1      0      2     14      9      7
 -8.070534E-01  1.749032E-01  4.011174E-03      1      0      2     14      9      7
 -9.902868E-01  2.167376E-01  2.927083E-03      1      0      2     14      9      7
 -9.925256E-01 -6.892030E-02  1.553923E-04      1      0      2     14      9      7
 -1.447851E+00  1.700872E-01  7.205236E-05      1      0      2     14      9      7
 -1.027629E+00  1.037807E-01  2.627855E-05      1      0      2     14      9      7
 -7.603348E-01  1.199533E-01  1.711841E-03      1      0      2     14      9      7
 -5.684348E-01  1.808743E-02  1.269153E-03      1      0      2     14      9      7
 -1.033928E+00  1.078650E-01  2.285358E-05      1      0      2     14      9      7
 -8.440312E-01  1.464420E-01  5.302204E-03      1      0      2     14      9      7
 -9.131198E-01  1.055296E-01  7.165998E-04      1      0      2     14      9      7
 -7.313197E-01  8.044833E-02  1.398961E-03      1      0      2     14      9      7
 -1.782205E+00  4.172394E-01  1.506246E-03      1      0      2     14      9      7
 -4.534782E-01 -9.631507E-02  1.624605E-03      1      0      2     14      9      7
 -7.138662E-01  1.122955E-01  1.419654E-03      1      0      2     14      9      7
 -1.174070E+00  1.593784E-01  2.852102E-04      1      0      2     14      9      7
 -7.878954E-01  1.094943E-01  5.616913E-04      1      0      2     14      9      7
 -1.003239E+00  2.750830E-01  2.889512E-03      1      0      2     14      9      7
 -1.319464E+00  2.443349E-01  9.417063E-04      1      0      2     14      9      7
 -8.445845E-01  8.256246E-02  2.604689E-05      1      0      2     14      9      7
 -9.521227E-01  1.704119E-01  9.249899E-04      1      0      2     14      9      7
 -7.422472E-01  5.355023E-02  4.043048E-04      1      0      2     14      9      7
 -7.286175E-01  7.536948E-02  4.129210E-04      1      0      2     14      9      7
 -1.046739E+00 -9.152109E-02  7.160623E-05      1      0      2     14      9      7
 -5.897854E-01 -5.754688E-02  1.183905E-04      1      0      2     14      9      7
 -7.454389E-01  1.092413E-01  3.194115E-03      1      0      2     14      9      7
 -1.209079E+00  2.233691E-01  1.731890E-03      1      0      2     14      9      7
 -8.975812E-01  1.876248E-01  1.684805E-03      1      0      2     14      9      7
 -5.175566E-01 -1.079994E-01  6.705895E-05      1      0      2     14      9      7
 -6.765273E-01  8.857663E-02  8.929010E-04      1      0      2     14      9      7
 -1.213078E+00  2.583067E-01  2.996314E-04      1      0      2     14      9      7
 -1.252782E+00  1.805193E-01  1.819557E-03      1      0      2     14      9      7
 -4.659229E-01 -1.178624E-01  1.434167E-04      1      0      2     14      9      7
 -1.080988E+00  1.666203E-01  1.904214E-04      1      0      2     14      9      7
 -8.463625E-01  4.969235E-02  2.076753E-03      1      0      2     14      9      7
 -6.447648E-01  4.331594E-02  4.297126E-04      1      0      2     14      9      7
 -6.528236E-01  3.835509E-02  2.255795E-04      1      0      2     14      9      7
 -5.611828E-01 -8.022893E-02  6.531743E-05      1      0      2     14      9      7
 -7.937366E-01  6.823080E-02  1.033136E-03      1      0      2     14      9      7
 -6.520920E-01  1.306121E-02  6.454881E-04      1      0      2     14      9      7
 -9.367286E-01  1.569277E-01  2.978469E-03      1      0      2     14      9      7
 -7.763438E-01  1.552346E-01  8.272180E-04      1      0      2     14      9      7
 -5.675589E-01  7.742844E-02  2.194412E-03      1      0      2     14      9      7
 -6.877664E-01  6.425055E-02  1.867502E-04      1      0      2     14      9      7
 -8.205174E-01  1.078724E-01  1.392887E-03      1      0      2     14      9      7
 -7.212698E-01 -3.173789E-02  6.317817E-04      1      0      2     14      9      7
 -1.040165E+00  1.926966E-01  1.779782E-03      1      0      2     14      9      7
 -8.402490E-01  1.252249E-01  7.515913E-04      1      0      2     14      9      7
 -1.094944E+00  2.991725E-01  1.150903E-03      1      0      2     14      9      7
 -5.928116E-01  7.186233E-02  1.529896E-03      1      0      2     14      9      7
 -5.457649E-01  9.008897E-02  5.934577E-04      1      0      2     14      9      7
 -7.567513E-01  1.835984E-02  1.767849E-04      1      0      2     14      9      7
 -9.670662E-01  1.662669E-01  2.680530E-04      1      0      2     14      9      7
 -5.452854E-01 -7.411529E-02  6.451118E-04      1      0      2     14      9      7
 -1.145412E+00  1.848908E-01  9.630989E-04      1      0      2     14      9      7
 -9.590357E-01  2.723525E-01  1.819235E-03      1      0      2     14      9      7
 -5.581672E-01 -3.402142E-02  1.337416E-04      1      0      2     14      9      7
 -8.549802E-01  7.437368E-02  1.676420E-03      1      0      2     14      9      7
 -5.540921E-01 -5.028762E-02  2.111529E-03      1      0      2     14      9      7
 -8.092758E-01  1.478102E-01  1.342576E-03      1      0      2     14      9      7
 -8.725022E-01  1.679475E-01  2.034451E-04      1      0      2     14      9      7
 -7.393503E-01  2.458188E-01  1.576498E-03      1      0      2     14      9      7
 -8.635752E-01  1.705233E-01  1.734417E-03      1      0      2     14      9      7
 -6.110181E-01  2.816442E-02  1.097529E-03      1      0      2     14      9      7
 -1.393005E+00  3.240918E-01  1.168533E-04      1      0      2     14      9      7
 -8.370822E-01  1.413920E-01  1.437177E-04      1      0      2     14      9      7
 -9.963814E-01  1.748073E-01  9.416525E-04      1      0      2     14      9      7
 -1.068641E+00  2.478686E-01  9.174111E-04      1      0      2     14      9      7
 -6.190010E-01  3.111137E-02  8.779046E-05      1      0      2     14      9      7
 -4.275497E-01 -1.124264E-01  4.679722E-04      1      0      2     14      9      7
 -6.881576E-01  1.168221E-01  1.392349E-03      1      0      2     14      9      7
 -1.247075E+00  2.215650E-01  1.965489E-04      1      0      2     14      9      7
 -9.273668E-01  5.333146E-02  2.947831E-05      1      0      2     14      9      7
 -1.097378E+00  1.835608E-01  5.435236E-03      1      0      2     14      9      7
 -5.497915E-01 -3.320787E-02  1.683623E-03      1      0      2     14      9      7
 -4.310966E-01 -7.424515E-02  4.557332E-04      1      0      2     14      9      7
 -5.473529E-01 -9.775999E-02  1.834446E-04      1      0      2     14      9      7
 -8.875981E-01  1.077757E-01  5.819014E-04      1      0      2     14      9      7
 -4.546861E-01 -1.603765E-02  6.332867E-04      1      0      2     14      9      7
 -7.836309E-01  1.295919E-01  6.503794E-04      1      0      2     14      9      7
 -1.554516E+00  1.982446E-01  1.850034E-05      1      0      2     14      9      7
 -6.300674E-01  8.469472E-02  3.277751E-04      1      0      2     14      9      7
 -8.688523E-01  9.126893E-02  1.115320E-03      1      0      2     14      9      7
 -5.856353E-01 -5.823044E-02  2.201292E-04      1      0      2     14      9      7
 -9.111669E-01  9.786570E-02  2.387483E-03      1      0      2     14      9      7
 -5.596440E-01 -1.020527E-01  7.120848E-04      1      0      2     14      9      7
 -1.278907E+00  2.221606E-01  7.017647E-04      1      0      2     14      9      7
 -9.254219E-01  1.635296E-01  1.139776E-03      1      0      2     14      9      7
 -1.220637E+00  1.677663E-01  1.585474E-04      1      0      2     14      9      7
 -8.223297E-01  1.882868E-01  1.952052E-03      1      0      2     14      9      7
 -7.535253E-01  2.675527E-02  2.796416E-03      1      0      2     14      9      7
 -1.485865E+00  2.773566E-01  9.517039E-05      1      0      2     14      9      7
 -6.312583E-01  9.781979E-02  7.242323E-04      1      0      2     14      9      7
 -7.419209E-01  7.929190E-02  1.733772E-03      1      0      2     14      9      7
 -1.009726E+00  1.517363E-01  8.449557E-04      1      0      2     14      9      7
 -6.644364E-01  9.321504E-02  6.918209E-04      1      0      2     14      9      7
 -1.182829E+00  2.511127E-01  7.170835E-04      1      0      2     14      9      7
 -5.387368E-01 -4.838547E-02  1.963877E-04      1      0      2     14      9      7
 -5.571568E-01 -1.864222E-02  4.685580E-04      1      0      2     14      9      7
 -8.573217E-01  1.551494E-01  2.106262E-04      1      0      2     14      9      7
 -6.668557E-01  7.877654E-03  5.719038E-04      1      0      2     14      9      7
 -1.046933E+00  7.130093E-02  1.542205E-04      1      0      2     14      9      7
 -1.434404E+00  2.757992E-01  8.336681E-05      1      0      2     14      9      7
 -5.745445E-01 -1.050908E-02  6.521531E-04      1      0      2     14      9      7
 -9.936193E-01  9.627504E-02  7.980316E-04      1      0      2     14      9      7
 -8.866958E-01 -2.629410E-02  1.935873E-04      1      0      2     14      9      7
 -1.276747E+00  1.682954E-01  2.108465E-03      1      0      2     14      9      7
 -9.067562E-01  2.764782E-01  1.176918E-03      1      0      2     14      9      7
 -5.630771E-01 -8.270365E-02  4.437845E-04      1      0      2     14      9      7
 -1.088828E+00  1.583184E-01  2.212902E-04      1      0      2     14      9      7
 -1.598341E+00  3.786890E-01  9.830941E-04      1      0      2     14      9      7
 -8.876202E-01  9.467673E-02  3.011203E-04      1      0      2     14      9      7
 -7.940793E-01  1.189145E-01  1.641482E-03      1      0      2     14      9      7
 -8.820446E-01  2.249288E-01  2.937135E-04      1      0      2     14      9      7
 -4.157089E-01 -3.091854E-02  2.918591E-03      1      0      2     14      9      7
 -5.151307E-01  1.497562E-01  4.886983E-03      1      0      2     14      9      7
 -1.093780E+00  1.666821E-01  1.508450E-04      1      0      2     14      9      7
 -8.181295E-01 -1.959689E-03  9.332137E-04      1      0      2     14      9      7
 -6.266256E-01  1.090699E-02  1.225938E-03      1      0      2     14      9      7
 -9.214948E-01  1.897647E-01  2.009726E-04      1      0      2     14      9      7
 -1.297993E+00  2.524422E-01  5.397074E-04      1      0      2     14      9      7
 -1.074909E+00  7.855647E-02  8.048041E-04      1      0      2     14      9      7
 -7.441156E-01  1.586976E-01  5.705601E-04      1      0      2     14      9      7
 -6.893338E-01  1.684125E-02  9.992192E-05      1      0      2     14      9      7
 -9.863724E-01  8.753293E-02  1.284849E-04      1      0      2     14      9      7
 -6.980795E-01  6.021357E-02  5.556712E-03      1      0      2     14      9      7
 -5.291167E-01 -4.742296E-02  1.852506E-04      1      0      2     14      9      7
 -1.344022E+00  2.872017E-01  5.368156E-05      1      0      2     14      9      7
 -9.310168E-01  1.221158E-01  1.047595E-04      1      0      2     14      9      7
 -5.712574E-01  1.207180E-01  3.714257E-03      1      0      2     14      9      7
 -6.318760E-01  7.655481E-02  1.231421E-03      1      0      2     14      9      7
 -1.039276E+00  1.881170E-01  6.180216E-04      1      0      2     14      9      7
 -6.796084E-01  1.947875E-01  2.818400E-03      1      0      2     14      9      7
 -6.600706E-01 -5.392706E-02  3.022598E-04      1      0      2     14      9      7
 -8.324727E-01  1.201730E-01  8.131892E-04      1      0      2     14      9      7
 -7.671666E-01  9.756997E-02  1.630893E-03      1      0      2     14      9      7
 -9.238493E-01  6.967439E-02  1.669594E-03      1      0      2     14      9      7
 -1.080064E+00  2.649943E-01  1.540915E-04      1      0      2     14      9      7
 -1.141911E+00  2.279205E-01  1.153322E-05      1      0      2     14      9      7
 -6.161523E-01  1.506390E-02  3.606542E-04      1      0      2     14      9      7
 -9.890620E-01  1.394249E-01  1.331020E-04      1      0      2     14      9      7
 -4.493974E-01 -1.125668E-03  8.661333E-04      1      0      2     14      9      7
 -1.205347E+00  1.111389E-01  4.694449E-05      1      0      2     14      9      7
 -9.799058E-01  2.163799E-01  2.939661E-03      1      0      2     14      9      7
 -5.624025E-01 -2.137797E-03  1.481682E-03      1      0      2     14      9      7
 -1.039137E+00  3.501133E-01  7.098810E-04      1      0      2     14      9      7
 -1.081492E+00  2.229630E-01  3.781069E-04      1      0      2     14      9      7
 -7.002405E-01 -3.315041E-02  3.944148E-04      1      0      2     14      9      7
 -5.657522E-01 -2.241348E-02  1.548602E-03      1      0      2     14      9      7
 -7.930422E-01  1.115881E-01  1.130800E-03      1      0      2     14      9      7
 -5.977296E-01  1.317691E-01  4.257458E-03      1      0      2     14      9      7
 -8.982619E-01  1.745964E-01  5.159121E-04      1      0      2     14      9      7
 -1.167556E+00  1.830093E-01  5.208195E-05      1      0      2     14      9      7
 -5.969364E-01  8.083016E-03  1.788382E-04      1      0      2     14      9      7
 -5.241463E-01  6.635157E-02  7.830890E-04      1      0      2     14      9      7
 -9.348025E-01  2.692329E-01  3.217819E-03      1      0      2     14      9      7
 -8.694358E-01  2.374980E-01  3.306077E-03      1      0      2     14      9      7
 -1.237768E+00  2.202935E-02  1.642665E-04      1      0      2     14      9      7
 -5.470080E-01  5.044861E-02  3.498288E-04      1      0      2     14      9      7
 -7.345579E-01  2.963244E-02  2.899402E-03      1      0      2     14      9      7
 -5.431796E-01  6.034145E-02  2.667308E-04      1      0      2     14      9      7
 -8.081188E-01  1.370882E-01  1.246148E-04      1      0      2     14      9      7
 -9.972276E-01  2.148056E-01  3.502051E-04      1      0      2     14      9      7
 -1.031800E+00  1.373659E-02  4.710466E-05      1      0      2     14      9      7
 -9.906382E-01  2.634399E-01  1.659919E-03      1      0      2     14      9      7
 -5.336002E-01 -5.923503E-03  1.090971E-03      1      0      2     14      9      7
 -1.007513E+00  2.150221E-01  2.575771E-03      1      0      2     14      9      7
 -1.021873E+00  1.978819E-02  4.629088E-05      1      0      2     14      9      7
 -1.072769E+00  4.406582E-02  6.676332E-06      1      0      2     14      9      7
 -1.047375E+00  1.897266E-01  1.732643E-04      1      0      2     14      9      7
 -9.416721E-01  3.160222E-02  4.000048E-04      1      0      2     14      9      7
 -5.043824E-01 -4.806558E-02  2.118248E-04      1      0      2     14      9      7
 -9.898415E-01  2.245461E-01  3.272107E-03      1      0      2     14      9      7
 -4.927729E-01 -1.073441E-01  1.546398E-03      1      0      2     14      9      7
 -1.034285E+00  9.491266E-02  2.100779E-04      1      0      2     14      9      7
 -8.300354E-01  1.403493E-01  1.190409E-03      1      0      2     14      9      7
 -8.849015E-01  1.610315E-01  3.645672E-04      1      0      2     14      9      7
 -1.499745E+00  2.574345E-01  1.826383E-03      1      0      2     14      9      7
 -1.000962E+00  2.581834E-01  1.170737E-04      1      0      2     14      9      7
 -7.096416E-01  1.302831E-01  3.123380E-03      1      0      2     14      9      7
 -7.822273E-01  6.950724E-02  2.384151E-03      1      0      2     14      9      7
 -7.642244E-01  1.702480E-01  4.663811E-04      1      0      2     14      9      7
 -8.710826E-01  6.351935E-02  4.599365E-04      1      0      2     14      9      7
 -9.141769E-01  1.032124E-01  1.627453E-03      1      0      2     14      9      7
 -7.956191E-01  2.471735E-02  1.102527E-04      1      0      2     14      9      7
 -1.018348E+00  1.789997E-01  1.652232E-03      1      0      2     14      9      7
 -1.162882E+00  2.202944E-01  1.203041E-04      1      0      2     14      9      7
 -8.802378E-01  8.584532E-02  1.492647E-03      1      0      2     14      9      7
 -5.401852E-01  3.499591E-02  5.877064E-04      1      0      2     14      9      7
 -7.885231E-01  9.000339E-02  3.274311E-03      1      0      2     14      9      7
 -8.202259E-01  8.463419E-02  8.288305E-05      1      0      2     14      9      7
 -7.018855E-01  7.585260E-03  3.019588E-04      1      0      2     14      9      7
 -6.475737E-01  1.524417E-03  1.050712E-03      1      0      2     14      9      7
 -6.441230E-01 -8.078548E-02  1.857989E-04      1      0      2     14      9      7
 -6.609852E-01  1.006062E-01  3.700766E-03      1      0      2     14      9      7
 -6.408672E-01  3.023602E-02  4.926436E-04      1      0      2     14      9      7
 -9.360796E-01  1.562905E-01  1.582411E-04      1      0      2     14      9      7
 -1.059449E+00  1.050786E-01  9.964242E-05      1      0      2     14      9      7
 -5.633567E-01 -1.012821E-01  8.922560E-04      1      0      2     14      9      7
 -4.724974E-01 -3.655733E-02  1.251846E-03      1      0      2     14      9      7
 -5.869783E-01  8.788741E-02  1.260285E-03      1      0      2     14      9      7
 -9.001284E-01  1.173062E-01  4.179359E-04      1      0      2     14      9      7
 -9.516259E-01  1.603252E-01  1.822567E-04      1      0      2     14      9      7
 -6.938378E-01  4.799698E-02  7.506775E-04      1      0      2     14      9      7
 -8.744157E-01  1.519226E-01  8.687133E-04      1      0      2     14      9      7
 -7.433692E-01  1.565798E-01  1.255985E-03      1      0      2     14      9      7
 -6.715832E-01  1.256146E-01  1.717163E-03      1      0      2     14      9      7
 -6.495286E-01 -1.660235E-02  7.924416E-04      1      0      2     14      9      7
 -2.497697E+00  5.065850E-01  2.021658E-04      1      0      2     14      9      7
 -8.466235E-01  8.192986E-02  1.544194E-03      1      0      2     14      9      7
 -5.802003E-01  2.658867E-02  2.045309E-04      1      0      2     14      9      7
 -5.226121E-01 -5.085437E-02  2.527718E-03      1      0      2     14      9      7
 -8.779274E-01  2.018523E-01  4.276540E-04      1      0      2     14      9      7
 -7.183050E-01  4.086337E-02  3.274149E-03      1      0      2     14      9      7
 -5.439361E-01 -1.032258E-01  3.298660E-04      1      0      2     14      9      7
 -6.631290E-01 -3.610378E-02  8.514057E-04      1      0      2     14      9      7
 -9.321007E-01  2.213767E-01  1.690180E-04      1      0      2     14      9      7
 -7.103934E-01  2.181484E-03  2.842050E-03      1      0      2     14      9      7
 -6.003263E-01 -2.946752E-02  1.692653E-03      1      0      2     14      9      7
 -8.226240E-01  1.158382E-01  1.092852E-03      1      0      2     14      9      7
 -1.134338E+00  1.716623E-01  1.088821E-04      1      0      2     14      9      7
 -1.002510E+00  1.675921E-01  4.494229E-05      1      0      2     14      9      7
 -9.048004E-01  1.885351E-01  1.069525E-03      1      0      2     14      9      7
 -5.530584E-01 -2.113580E-03  2.780667E-03      1      0      2     14      9      7
 -6.327445E-01  5.757614E-02  5.541125E-04      1      0      2     14      9      7
 -9.547992E-01  1.793922E-01  2.533523E-03      1      0      2     14      9      7
 -7.164443E-01  5.884914E-02  3.686307E-03      1      0      2     14      9      7
 -7.438599E-01  1.218808E-01  3.197501E-03      1      0      2     14      9      7
 -1.521562E+00  2.516189E-01  3.059793E-04      1      0      2     14      9      7
 -7.531219E-01  7.287054E-02  1.322635E-04      1      0      2     14      9      7
 -6.610628E-01 -6.785393E-02  3.238997E-04      1      0      2     14      9      7
 -5.271926E-01  1.031693E-01  2.634843E-03      1      0      2     14      9      7
 -4.875063E-01 -6.431380E-02  4.703264E-04      1      0      2     14      9      7
 -1.205514E+00  2.304424E-01  1.126930E-04      1      0      2     14      9      7
 -5.966022E-01  7.798777E-02  4.933047E-04      1      0      2     14      9      7
 -6.803364E-01  2.355911E-02  4.203601E-04      1      0      2     14      9      7
 -6.104843E-01  8.674639E-02  5.570150E-03      1      0      2     14      9      7
 -7.777921E-01  6.589723E-02  2.821840E-04      1      0      2     14      9      7
 -5.164455E-01 -9.327712E-02  2.988466E-03      1      0      2     14      9      7
 -6.214822E-01 -6.631328E-02  4.180488E-04      1      0      2     14      9      7
 -7.303538E-01  1.217805E-01  1.262327E-03      1      0      2     14      9      7
 -6.301484E-01  9.882832E-02  3.839066E-03      1      0      2     14      9      7
 -6.797226E-01  7.546839E-02  6.457031E-04      1      0      2     14      9      7
 -1.700578E+00  3.043681E-01  1.685343E-04      1      0      2     14      9      7
 -4.165417E-01  3.691040E-02  4.758089E-04      1      0      2     14      9      7
 -1.052920E+00  2.499480E-01  6.452193E-04      1      0      2     14      9      7
 -9.344026E-01  2.351121E-01  4.100884E-03      1      0      2     14      9      7
 -5.281631E-01 -3.937283E-02  3.821436E-04      1      0      2     14      9      7
 -7.715701E-01  5.037953E-02  2.291862E-03      1      0      2     14      9      7
 -5.500963E-01 -9.382165E-02  1.571284E-03      1      0      2     14      9      7
 -8.208638E-01  4.182398E-02  6.924659E-04      1      0      2     14      9      7
 -7.570276E-01  6.991774E-02  7.295536E-04      1      0      2     14      9      7
 -5.453634E-01  1.045583E-01  2.834902E-04      1      0      2     14      9      7
 -1.033477E+00  2.528769E-01  2.873763E-04      1      0      2     14      9      7
 -1.005622E+00 -2.796850E-02  1.722054E-04      1      0      2     14      9      7
 -1.083642E+00  1.171123E-01  4.542658E-04      1      0      2     14      9      7
 -1.081286E+00  2.713131E-01  1.934475E-04      1      0      2     14      9      7
 -6.424159E-01  7.072023E-02  5.153531E-04      1      0      2     14      9      7
 -5.790057E-01 -3.169612E-02  1.469481E-03      1      0      2     14      9      7
 -5.261359E-01  3.787268E-02  1.381545E-03      1      0      2     14      9      7
 -7.705377E-01  1.035789E-01  5.478237E-04      1      0      2     14      9      7
 -7.722071E-01  1.000472E-01  3.770480E-04      1      0      2     14      9      7
 -1.087244E+00  2.888949E-01  5.560475E-03      1      0      2     14      9      7
 -7.769387E-01  5.735801E-02  1.472169E-03      1      0      2     14      9      7
 -4.707725E-01  9.011044E-02  1.467062E-03      1      0      2     14      9      7
 -5.557784E-01 -1.688645E-01  1.018999E-03      1      0      2     14      9      7
 -9.217962E-01 -6.319810E-02  4.426450E-04      1      0      2     14      9      7
 -6.123830E-01 -2.326186E-02  2.957291E-03      1      0      2     14      9      7
 -1.100755E+00  2.132296E-01  3.195297E-05      1      0      2     14      9      7
 -6.561699E-01  9.068671E-02  1.394069E-03      1      0      2     14      9      7
 -7.605896E-01  1.758489E-01  4.040307E-03      1      0      2     14      9      7
 -5.405382E-01 -8.310295E-02  4.649836E-04      1      0      2     14      9      7
 -6.612686E-01  2.200898E-02  1.041897E-03      1      0      2     14      9      7
 -1.087159E+00  1.455092E-01  1.810205E-03      1      0      2     14      9      7
 -6.694104E-01 -4.674911E-04  2.111368E-03      1      0      2     14      9      7
 -5.737794E-01  6.225079E-02  2.888114E-03      1      0      2     14      9      7
 -9.373807E-01  1.240373E-01  3.280169E-04      1      0      2     14      9      7
 -1.209808E+00  2.450743E-01  1.136121E-03      1      0      2     14      9      7
 -1.146613E+00  1.449943E-01  3.350368E-04      1      0      2     14      9      7
 -4.573425E-01 -1.358597E-02  3.020878E-04      1      0      2     14      9      7
 -1.117934E+00  1.170833E-01  3.716515E-05      1      0      2     14      9      7
 -5.346863E-01 -6.204877E-02  1.736782E-03      1      0      2     14      9      7
 -1.084935E+00  8.201614E-02  4.502399E-05      1      0      2     14      9      7
 -7.428039E-01  1.314907E-01  1.066300E-03      1      0      2     14      9      7
 -7.120480E-01  1.280626E-01  9.355788E-04      1      0      2     14      9      7
 -1.042404E+00  2.147912E-01  3.294467E-04      1      0      2     14      9      7
 -1.549877E+00  2.650435E-01  2.951970E-04      1      0      2     14      9      7
 -1.673826E+00  3.809504E-01  3.985643E-04      1      0      2     14      9      7
 -5.379233E-01 -8.829174E-02  5.717963E-04      1      0      2     14      9      7
 -1.038677E+00 -5.201865E-02  1.663036E-05      1      0      2     14      9      7
 -1.079648E+00  2.647384E-02  1.006422E-04      1      0      2     14      9      7
 -2.223077E+00  4.680135E-01  3.165735E-03      1      0      2     14      9      7
 -1.235789E+00  1.085466E-01  6.359743E-06      1      1      2     14      7      1
 -2.026702E+00  3.551027E-01  2.126902E-06      1      1      2     14      7      1
 -1.280061E+00  2.257027E-01  1.541829E-04      1      1      2     14      7      1
 -1.326974E+00  2.090850E-01  4.672465E-05      1      1      2     14      7      1
 -1.265499E+00  1.763343E-01  5.123216E-05      1      1      2     14      7      1
 -1.473632E+00  1.014085E-01  1.691846E-06      1      1      2     14      7      1
 -1.369248E+00  1.169798E-01  2.092932E-04      1      1      2     14      7      1
 -1.355978E+00  1.259081E-01  3.693617E-05      1      1      2     14      7      1
 -1.288931E+00  1.489096E-01  1.190033E-05      1      1      2     14      7      1
 -1.310863E+00  9.544726E-02  2.976104E-06      1      1      2     14      7      1
 -1.374538E+00 -5.661134E-02  2.928266E-07      1      1      2     14      7      1
 -1.433303E+00  6.718038E-02  1.126124E-05      1      1      2     14      7      1
 -1.390508E+00  3.243954E-01  9.280000E-05      1      1      2     14      7      1
 -1.277757E+00  1.549229E-01  2.171568E-05      1      1      2     14      7      1
 -1.454176E+00  2.646043E-01  1.120426E-05      1      1      2     14      7      1
 -1.608861E+00  3.226322E-01  7.732527E-06      1      1      2     14      7      1
 -1.102473E+00  2.122051E-01  1.303177E-04      1      1      2     14      7      1
 -1.350877E+00  2.216704E-01  2.980242E-06      1      1      2     14      7      1
 -1.618452E+00  1.591652E-01  3.006365E-06      1      1      2     14      7      1
 -1.412407E+00  1.390462E-01  8.017941E-06      1      1      2     14      7      1
 -1.221087E+00  1.688812E-01  3.973549E-05      1      1      2     14      7      1
 -1.432574E+00  1.591774E-01  1.140153E-05      1      1      2     14      7      1
 -1.235249E+00  1.446185E-01  1.377944E-05      1      1      2     14      7      1
 -1.654551E+00  3.020938E-01  6.925734E-05      1      1      2     14      7      1
 -1.632310E+00  3.288241E-01  8.640370E-06      1      1      2     14      7      1
 -1.583454E+00  2.239575E-01  6.606457E-06      1      1      2     14      7      1
 -1.280756E+00  3.862738E-02  2.063638E-05      1      1      2     14      7      1
 -1.082538E+00  1.579770E-01  2.278585E-05      1      1      2     14      7      1
 -1.386802E+00  1.464283E-01  2.376572E-05      1      1      2     14      7      1
 -1.221287E+00  8.305951E-02  4.748629E-05      1      1      2     14      7      1
 -1.408887E+00  1.506196E-01  2.771207E-05      1      1      2     14      7      1
 -1.483737E+00  1.777572E-01  2.737882E-05      1      1      2     14      7      1
 -1.313077E+00  1.933382E-01  1.536562E-05      1      1      2     14      7      1
 -1.244334E+00  2.034144E-01  8.522657E-06      1      1      2     14      7      1
 -1.350059E+00  8.870990E-02  3.460717E-06      1      1      2     14      7      1
 -1.458291E+00  2.764677E-01  3.487968E-05      1      1      2     14      7      1
 -1.263929E+00  2.179033E-01  2.670802E-04      1      1      2     14      7      1
 -1.364358E+00  1.852906E-01  3.613583E-05      1      1      2     14      7      1
 -1.384805E+00  1.466355E-01  1.875027E-06      1      1      2     14      7      1
 -1.375810E+00  1.738131E-01  5.066670E-05      1      1      2     14      7      1
 -1.374557E+00  1.712777E-01  1.405894E-05      1      1      2     14      7      1
 -1.123425E+00  1.812174E-01  2.029990E-04      1      1      2     14      7      1
 -1.350966E+00  1.658381E-01  1.079898E-05      1      1      2     14      7      1
 -1.509545E+00  2.882073E-01  6.902084E-05      1      1      2     14      7      1
 -1.962005E+00  4.257678E-01  2.496435E-04      1      1      2     14      7      1
 -1.533493E+00  2.523139E-01  2.850382E-05      1      1      2     14      7      1
 -1.248103E+00  1.849199E-01  9.538001E-05      1      1      2     14      7      1
 -1.295625E+00  5.599220E-02  2.763575E-06      1      1      2     14      7      1
 -2.092326E+00  3.770345E-01  5.871152E-05      1      1      2     14      7      1
 -2.015863E+00  3.347430E-01  5.319673E-07      1      1      2     14      7      1
 -1.247072E+00 -3.198558E-02  5.902864E-06      1      1      2     14      7      1
 -1.410813E+00  3.792233E-01  1.241795E-04      1      1      2     14      7      1
 -1.265759E+00  1.908649E-01  3.113275E-06      1      1      2     14      7      1
 -1.439525E+00  4.001489E-01  5.697001E-05      1      1      2     14      7      1
 -1.459034E+00  1.704029E-01  3.032810E-05      1      1      2     14      7      1
 -1.502876E+00  3.497849E-01  2.990025E-05      1      1      2     14      7      1
 -1.027906E+00  1.115199E-01  1.205459E-04      1      1      2     14      7      1
 -1.277183E+00 -1.071504E-01  6.428543E-07      1      1      2     14      7      1
 -1.884955E+00 -8.947931E-02  2.740408E-07      1      1      2     14      7      1
 -1.254729E+00  1.863276E-01  2.369101E-05      1      1      2     14      7      1
 -1.392489E+00  1.704285E-01  1.718936E-05      1      1      2     14      7      1
 -1.332603E+00  1.588961E-01  3.442764E-05      1      1      2     14      7      1
 -1.377275E+00  3.299107E-01  5.101178E-05      1      1      2     14      7      1
 -1.372621E+00  2.061614E-01  2.014133E-06      1      1      2     14      7      1
 -1.244571E+00  1.436416E-01  2.408446E-06      1      1      2     14      7      1
 -1.521864E+00  2.079973E-01  1.139830E-05      1      1      2     14      7      1
 -1.216965E+00  6.574989E-02  3.432820E-05      1      1      2     14      7      1
 -1.280432E+00  1.887081E-01  2.388988E-05      1      1      2     14      7      1
