 -8.002895E-01 -5.217063E-02  2.864262E-04      0      0      0      2      9      7
 -1.039453E+00  9.186927E-02  7.641089E-04      0      0      0      2      9      7
 -8.095217E-01 -7.046243E-02  1.198895E-04      0      0      0      2      9      7
 -1.198016E+00  1.277088E-01  1.993490E-04      0      0      0      2      9      7
 -9.718896E-01  1.395415E-02  3.214888E-04      0      0      0      2      9      7
 -1.493821E+00  3.511257E-01  2.753749E-04      0      0      0      2      9      7
 -1.088335E+00  1.091567E-01  4.229344E-05      0      0      0      2      9      7
 -8.857696E-01 -8.567395E-02  8.890239E-04      0      0      0      2      9      7
 -1.089240E+00 -4.294867E-02  9.460308E-06      0      0      0      2      9      7
 -8.678189E-01 -2.194132E-02  5.839205E-04      0      0      0      2      9      7
 -8.467722E-01 -7.812050E-02  6.760816E-04      0      0      0      2      9      7
 -1.023885E+00  7.769160E-02  7.400059E-04      0      0      0      2      9      7
 -9.748861E-01  2.966251E-02  2.227102E-04      0      0      0      2      9      7
 -1.063037E+00  1.514765E-01  1.206896E-04      0      0      0      2      9      7
 -1.142415E+00  1.457454E-01  1.652366E-04      0      0      0      2      9      7
 -7.663426E-01  1.037072E-02  9.349461E-04      0      0      0      2      9      7
 -1.824348E+00  3.173410E-01  2.652653E-04      0      0      0      2      9      7
 -8.277062E-01  6.757478E-03  1.115635E-04      0      0      0      2      9      7
 -1.101839E+00  1.915124E-02  8.135482E-04      0      0      0      2      9      7
 -1.510457E+00  2.672288E-01  7.745518E-04      0      0      0      2      9      7
 -8.304770E-01 -1.212022E-03  9.557820E-04      0      0      0      2      9      7
 -8.376875E-01  2.238387E-02  8.848567E-05      0      0      0      2      9      7
 -8.326068E-01 -4.802446E-02  1.816303E-04      0      0      0      2      9      7
 -7.514655E-01 -7.811117E-02  9.083596E-04      0      0      0      2      9      7
 -1.033389E+00  8.443550E-02  8.282082E-04      0      0      0      2      9      7
 -1.003630E+00 -7.087983E-02  2.719245E-04      0      0      0      2      9      7
 -8.776527E-01  4.515586E-02  9.240281E-04      0      0      0      2      9      7
 -9.267532E-01  2.783718E-02  4.147584E-05      0      0      0      2      9      7
 -7.241442E-01 -8.624007E-02  1.320743E-04      0      0      0      2      9      7
 -1.016379E+00 -2.984808E-02  9.794515E-04      0      0      0      2      9      7
 -1.204102E+00  2.075652E-01  1.690371E-04      0      0      0      2      9      7
 -9.217439E-01  7.116613E-02  9.718673E-04      0      0      0      2      9      7
 -1.452289E+00  2.994879E-01  4.544798E-05      0      0      0      2      9      7
 -9.166022E-01  6.402369E-02  6.586628E-04      0      0      0      2      9      7
 -1.260973E+00  1.217563E-01  1.081797E-04      0      0      0      2      9      7
 -1.519252E+00  1.886786E-01  5.717356E-04      0      0      0      2      9      7
 -1.208081E+00  1.323300E-01  3.891553E-04      0      0      0      2      9      7
 -9.616665E-01  6.394988E-02  9.658665E-04      0      0      0      2      9      7
 -9.320762E-01 -7.029002E-02  3.541177E-04      0      0      0      2      9      7
 -1.373739E+00  2.390912E-01  9.298622E-04      0      0      0      2      9      7
 -1.406363E+00  2.549022E-01  2.942605E-04      0      0      0      2      9      7
 -1.391252E+00  2.402540E-01  9.207778E-04      0      0      0      2      9      7
 -1.043924E+00 -5.584715E-02  1.250484E-04      0      0      0      2      9      7
 -8.475280E-01 -2.586506E-02  5.431822E-05      0      0      0      2      9      7
 -8.072323E-01 -2.813196E-04  8.823565E-04      0      0      0      2      9      7
 -8.323193E-01 -3.217822E-02  1.399836E-04      0      0      0      2      9      7
 -9.895420E-01  6.458292E-02  6.065899E-05      0      0      0      2      9      7
 -8.664914E-01 -7.308661E-02  8.803562E-04      0      0      0      2      9      7
 -1.103414E+00  1.370005E-01  9.952034E-04      0      0      0      2      9      7
 -1.218900E+00  5.253246E-02  2.993611E-04      0      0      0      2      9      7
 -7.794094E-01 -5.342157E-02  1.076880E-04      0      0      0      2      9      7
 -1.149420E+00  9.370151E-02  8.094227E-04      0      0      0      2      9      7
 -7.796057E-01  7.344150E-03  6.655053E-04      0      0      0      2      9      7
 -7.575002E-01 -6.166404E-02  9.921197E-04      0      0      0      2      9      7
 -1.289738E+00  2.853119E-01  9.832853E-04      0      0      0      2      9      7
 -8.103149E-01 -1.642120E-02  5.371065E-04      0      0      0      2      9      7
 -9.656734E-01 -9.557556E-02  2.383121E-04      0      0      0      2      9      7
 -8.748271E-01 -4.100852E-02  9.328625E-04      0      0      0      2      9      7
 -1.009893E+00 -5.383380E-02  1.330661E-05      0      0      0      2      9      7
 -1.281077E+00  2.103530E-01  2.304195E-04      0      0      0      2      9      7
 -7.042894E-01 -2.095623E-01  1.365831E-04      0      0      0      2      9      7
 -1.003589E+00  7.547777E-02  6.290259E-05      0      0      0      2      9      7
 -1.081477E+00  1.390033E-01  3.817794E-04      0      0      0      2      9      7
 -6.605865E-01 -8.840023E-02  6.527037E-04      0      0      0      2      9      7
 -1.202611E+00  7.300987E-02  1.455926E-04      0      0      0      2      9      7
 -1.154756E+00  1.239221E-01  1.167724E-04      0      0      0      2      9      7
 -1.112342E+00  1.195911E-01  8.353508E-04      0      0      0      2      9      7
 -8.148657E-01 -1.742600E-01  9.556986E-04      0      0      0      2      9      7
 -8.726875E-01  9.121016E-04  9.341127E-04      0      0      0      2      9      7
 -1.237176E+00  1.368207E-01  1.116968E-04      0      0      0      2      9      7
 -7.761104E-01 -7.556883E-02  7.938874E-05      0      0      0      2      9      7
 -9.088374E-01 -1.225083E-01  2.302611E-04      0      0      0      2      9      7
 -8.819109E-01  4.121888E-03  9.294455E-04      0      0      0      2      9      7
 -7.956844E-01 -2.319733E-01  4.324105E-05      0      0      0      2      9      7
 -1.148787E+00  2.329353E-01  4.745489E-05      0      0      0      2      9      7
 -8.554751E-01 -3.429811E-02  3.929557E-05      0      0      0      2      9      7
 -8.784850E-01 -1.230713E-01  2.399456E-04      0      0      0      2      9      7
 -9.807930E-01  5.682850E-02  1.101883E-04      0      0      0      2      9      7
 -7.744563E-01  1.802628E-02  8.143899E-04      0      0      0      2      9      7
 -9.983833E-01 -7.003880E-02  2.545557E-04      0      0      0      2      9      7
 -9.872515E-01 -6.169461E-02  2.989361E-04      0      0      0      2      9      7
 -1.075679E+00 -6.461808E-02  2.614149E-04      0      0      0      2      9      7
 -1.044070E+00  1.315267E-01  6.393938E-05      0      0      0      2      9      7
 -8.003924E-01  2.120281E-02  6.735563E-04      0      0      0      2      9      7
 -9.057984E-01 -1.425646E-01  1.093549E-04      0      0      0      2      9      7
 -7.411925E-01 -1.406341E-01  1.921899E-04      0      0      0      2      9      7
 -7.436092E-01 -9.519788E-02  9.725340E-04      0      0      0      2      9      7
 -1.291821E+00  1.461627E-01  1.055377E-04      0      0      0      2      9      7
 -8.661770E-01 -1.235560E-02  1.451842E-04      0      0      0      2      9      7
 -1.229317E+00 -7.545890E-03  2.850094E-04      0      0      0      2      9      7
 -7.908594E-01 -4.322018E-02  3.509257E-04      0      0      0      2      9      7
 -9.162430E-01  7.952666E-02  6.832157E-04      0      0      0      2      9      7
 -8.702634E-01 -3.530178E-02  2.822340E-04      0      0      0      2      9      7
 -9.150804E-01 -1.004743E-02  5.410820E-04      0      0      0      2      9      7
 -8.400723E-01 -3.685366E-02  6.170161E-04      0      0      0      2      9      7
 -1.023400E+00  1.579730E-01  9.947867E-04      0      0      0      2      9      7
 -9.254763E-01  1.153388E-01  3.942476E-04      0      0      0      2      9      7
 -9.243033E-01  1.254181E-01  2.822757E-04      0      0      0      2      9      7
 -1.201363E+00 -8.012156E-03  9.706171E-05      0      0      0      2      9      7
 -9.243331E-01 -7.895916E-03  7.543744E-05      0      0      0      2      9      7
 -8.502630E-01  2.498290E-02  1.636031E-04      0      0      0      2      9      7
 -7.859794E-01  3.293616E-02  1.832304E-04      0      0      0      2      9      7
 -1.039521E+00  1.253375E-01  8.316253E-05      0      0      0      2      9      7
 -1.054173E+00  1.102364E-01  9.521149E-04      0      0      0      2      9      7
 -7.758995E-01 -5.612373E-02  2.192681E-04      0      0      0      2      9      7
 -1.117883E+00 -2.439441E-02  2.035746E-04      0      0      0      2      9      7
 -1.167584E+00 -4.470684E-02  6.270173E-06      0      1      0      2      7      1
 -1.270641E+00 -1.753648E-03  1.976322E-05      0      1      0      2      7      1
 -1.362626E+00 -4.442031E-02  4.043238E-07      0      1      0      2      7      1
 -1.206703E+00  1.066173E-02  4.448037E-05      0      1      0      2      7      1
 -1.645805E+00  1.983333E-01  1.650449E-06      0      1      0      2      7      1
 -1.233601E+00  2.786069E-01  2.518721E-03      1      0      2     14      9      7
 -1.304874E+00  1.944533E-01  5.418654E-04      1      0      2     14      9      7
 -6.830783E-01  4.641550E-02  1.362664E-03      1      0      2     14      9      7
 -1.093077E+00  1.694738E-01  2.506219E-05      1      0      2     14      9      7
 -9.580140E-01  2.543332E-01  5.124452E-03      1      0      2     14      9      7
 -1.235559E+00  2.549839E-01  4.333606E-04      1      0      2     14      9      7
 -7.606357E-01  1.114807E-01  2.953440E-03      1      0      2     14      9      7
 -1.712384E+00  4.210901E-01  3.446166E-04      1      0      2     14      9      7
 -1.083495E+00  1.866121E-01  1.391418E-03      1      0      2     14      9      7
 -9.383131E-01  8.403096E-02  2.214851E-04      1      0      2     14      9      7
 -1.310178E+00  1.548550E-01  4.525129E-04      1      0      2     14      9      7
 -1.460248E+00  2.647093E-01  3.543761E-04      1      0      2     14      9      7
 -9.698851E-01  1.469397E-01  2.925436E-04      1      0      2     14      9      7
 -9.573154E-01  1.278681E-01  1.326160E-03      1      0      2     14      9      7
 -2.165194E+00  4.440805E-01  8.427684E-05      1      0      2     14      9      7
 -1.449826E+00  3.347360E-01  9.505313E-04      1      0      2     14      9      7
 -5.519018E-01 -1.618151E-02  2.207016E-04      1      0      2     14      9      7
 -9.157545E-01  1.799868E-01  3.327235E-03      1      0      2     14      9      7
 -1.392143E+00  3.502529E-01  2.380787E-04      1      0      2     14      9      7
 -1.716589E+00  3.150965E-01  7.799441E-04      1      0      2     14      9      7
 -6.807837E-01 -4.638554E-02  5.877543E-04      1      0      2     14      9      7
 -8.514332E-01  1.279507E-01  3.018864E-03      1      0      2     14      9      7
 -5.915889E-01 -6.403778E-02  1.921482E-03      1      0      2     14      9      7
 -4.067511E+00  3.708280E-01  3.503172E-04      1      0      2     14      9      7
 -8.847381E-01  2.239901E-01  7.379640E-03      1      0      2     14      9      7
 -7.518015E-01 -2.206414E-02  1.172225E-03      1      0      2     14      9      7
 -6.782089E-01 -8.068878E-03  1.273154E-03      1      0      2     14      9      7
 -7.080711E-01  3.827095E-02  2.876930E-04      1      0      2     14      9      7
 -8.050976E-01  1.366940E-02  2.946939E-04      1      0      2     14      9      7
 -1.028273E+00  1.754487E-01  5.129619E-05      1      0      2     14      9      7
 -1.304315E+00  2.512594E-01  1.309408E-04      1      0      2     14      9      7
 -1.638496E+00  2.618861E-01  3.451417E-04      1      0      2     14      9      7
 -9.396059E-01  1.043429E-01  3.777789E-03      1      0      2     14      9      7
 -1.057730E+00  1.473495E-01  2.563143E-05      1      0      2     14      9      7
 -1.103369E+00  2.481706E-01  2.566060E-04      1      0      2     14      9      7
 -6.828974E-01  2.350143E-02  1.155639E-04      1      0      2     14      9      7
 -9.528651E-01  9.749807E-02  1.841139E-03      1      0      2     14      9      7
 -8.570569E-01  1.240809E-01  2.843260E-03      1      0      2     14      9      7
 -8.295916E-01  1.380936E-01  5.820119E-04      1      0      2     14      9      7
 -1.672435E+00  3.459865E-01  1.633197E-03      1      0      2     14      9      7
 -1.098952E+00  1.498075E-01  6.230668E-04      1      0      2     14      9      7
 -1.207648E+00  8.035102E-02  2.501135E-04      1      0      2     14      9      7
 -1.824792E+00  3.476571E-01  6.050397E-04      1      0      2     14      9      7
 -9.861560E-01  2.322843E-01  4.758991E-03      1      0      2     14      9      7
 -7.408711E-01  1.305015E-02  5.863624E-04      1      0      2     14      9      7
 -1.324613E+00  2.567393E-01  5.062277E-04      1      0      2     14      9      7
 -9.444228E-01  1.490792E-01  7.723932E-04      1      0      2     14      9      7
 -1.244409E+00  2.051987E-01  5.868041E-04      1      0      2     14      9      7
 -8.584594E-01  2.436731E-01  3.737618E-03      1      0      2     14      9      7
 -7.775595E-01  1.803160E-01  1.317659E-04      1      0      2     14      9      7
 -1.002450E+00  8.833431E-02  3.731200E-05      1      0      2     14      9      7
 -1.754644E+00  3.449826E-01  7.955377E-05      1      0      2     14      9      7
 -1.397668E+00  2.429383E-01  4.708151E-05      1      0      2     14      9      7
 -1.294648E+00  2.343580E-01  2.321697E-03      1      0      2     14      9      7
 -1.199794E+00  1.873157E-01  1.564689E-04      1      0      2     14      9      7
 -8.146752E-01  1.383912E-02  8.272415E-04      1      0      2     14      9      7
 -1.696049E+00  3.344800E-01  6.585961E-04      1      0      2     14      9      7
 -7.088663E-01  6.212021E-02  4.393947E-04      1      0      2     14      9      7
 -2.552807E+00  4.102119E-01  4.688066E-03      1      0      2     14      9      7
 -1.064003E+00  6.280498E-02  5.821536E-04      1      0      2     14      9      7
 -8.996393E-01  2.621928E-01  1.979239E-03      1      0      2     14      9      7
 -1.604864E+00  3.037646E-01  7.522241E-03      1      0      2     14      9      7
 -1.110940E+00  6.580276E-02  6.771067E-04      1      0      2     14      9      7
 -7.327198E-01 -2.314012E-02  7.989214E-04      1      0      2     14      9      7
 -6.925241E-01  6.275969E-02  1.992157E-03      1      0      2     14      9      7
 -9.752372E-01  1.094408E-01  4.267848E-05      1      0      2     14      9      7
 -8.758567E-01  1.192607E-02  1.465927E-04      1      0      2     14      9      7
 -1.364084E+00  3.037839E-01  8.174237E-04      1      0      2     14      9      7
 -1.182975E+00  9.709642E-02  2.496468E-04      1      0      2     14      9      7
 -1.506509E+00  3.246906E-01  6.578294E-03      1      0      2     14      9      7
 -9.537943E-01  1.359051E-01  1.927566E-04      1      0      2     14      9      7
 -6.618319E-01 -8.916976E-02  2.323197E-03      1      0      2     14      9      7
 -1.506509E+00  3.246906E-01  6.578294E-03      1      0      2     14      9      7
 -1.167157E+00  2.499322E-01  4.180588E-04      1      0      2     14      9      7
 -1.207615E+00  2.331812E-01  4.789578E-03      1      0      2     14      9      7
 -1.169462E+00  1.956073E-01  6.887081E-04      1      0      2     14      9      7
 -1.737382E+00  3.726360E-01  5.060777E-04      1      0      2     14      9      7
 -1.305838E+00  2.679872E-01  3.621937E-04      1      0      2     14      9      7
 -7.653504E-01 -3.025521E-02  8.603538E-04      1      0      2     14      9      7
 -1.064822E+00  3.190868E-01  5.886127E-04      1      0      2     14      9      7
 -1.100613E+00  1.425239E-01  1.585275E-04      1      0      2     14      9      7
 -1.829498E+00  3.477445E-01  8.906908E-04      1      0      2     14      9      7
 -6.482233E-01  4.332339E-03  1.917731E-03      1      0      2     14      9      7
 -1.076741E+00  1.496845E-01  2.867846E-03      1      0      2     14      9      7
 -9.369843E-01  1.767700E-01  2.727496E-03      1      0      2     14      9      7
 -1.124654E+00  2.038573E-01  1.228898E-04      1      0      2     14      9      7
 -9.454536E-01  2.630077E-01  4.200090E-04      1      0      2     14      9      7
 -1.358773E+00  2.422581E-01  2.793170E-04      1      0      2     14      9      7
 -6.636771E-01 -1.081732E-01  1.829137E-03      1      0      2     14      9      7
 -9.063424E-01  1.130193E-01  3.978480E-04      1      0      2     14      9      7
 -1.283790E+00  2.478527E-01  6.603380E-04      1      0      2     14      9      7
 -9.205071E-01  2.200457E-01  4.590804E-03      1      0      2     14      9      7
 -1.320893E+00  2.390049E-01  1.759129E-03      1      0      2     14      9      7
 -1.473849E+00  2.284256E-01  1.200311E-04      1      0      2     14      9      7
 -8.329049E-01  1.665757E-01  1.472011E-03      1      0      2     14      9      7
 -8.354454E-01  6.445821E-02  2.009159E-04      1      0      2     14      9      7
 -1.192688E+00  1.412854E-01  2.951189E-04      1      0      2     14      9      7
 -8.674408E-01  9.484818E-02  4.553216E-03      1      0      2     14      9      7
 -1.038252E+00  2.334248E-01  6.955839E-03      1      0      2     14      9      7
 -9.686021E-01  1.340051E-01  3.769871E-04      1      0      2     14      9      7
 -1.137573E+00  1.905601E-01  3.551762E-04      1      0      2     14      9      7
 -8.197254E-01  9.520399E-02  2.323864E-03      1      0      2     14      9      7
 -1.608722E+00  3.102391E-01  5.058610E-04      1      0      2     14      9      7
 -7.482903E-01  6.997383E-02  5.890211E-04      1      0      2     14      9      7
 -8.670576E-01  1.325278E-01  3.999899E-03      1      0      2     14      9      7
 -1.110670E+00  2.585846E-01  5.897878E-03      1      0      2     14      9      7
 -7.844555E-01  3.854696E-02  1.152639E-04      1      0      2     14      9      7
 -6.949037E-01 -4.113185E-02  1.922149E-03      1      0      2     14      9      7
 -1.278584E+00  2.210589E-01  1.798300E-04      1      0      2     14      9      7
 -1.092898E+00  2.584808E-01  8.364342E-04      1      0      2     14      9      7
 -1.707494E+00  3.855476E-01  1.395585E-03      1      0      2     14      9      7
 -1.434692E+00  3.005805E-01  8.956080E-05      1      0      2     14      9      7
 -9.077106E-01  7.811670E-02  2.331531E-05      1      0      2     14      9      7
 -1.152679E+00  2.198811E-01  5.634930E-05      1      0      2     14      9      7
 -1.007989E+00  1.669019E-01  3.564430E-04      1      0      2     14      9      7
 -9.154603E-01  1.100767E-01  4.890424E-05      1      0      2     14      9      7
 -9.345994E-01  1.507701E-01  3.901221E-04      1      0      2     14      9      7
 -1.204902E+00  3.030550E-01  1.259069E-03      1      0      2     14      9      7
 -9.504585E-01  2.315011E-01  9.781180E-04      1      0      2     14      9      7
 -9.782242E-01  1.070375E-01  4.365277E-05      1      0      2     14      9      7
 -1.684138E+00  2.284106E-01  2.683574E-03      1      0      2     14      9      7
 -7.468405E-01  6.701609E-03  6.962923E-04      1      0      2     14      9      7
 -7.670276E-01  5.030292E-02  2.300278E-03      1      0      2     14      9      7
 -1.242354E+00  2.393206E-01  4.399114E-04      1      0      2     14      9      7
 -7.433835E-01 -6.094924E-02  1.048710E-03      1      0      2     14      9      7
 -6.806042E-01 -1.693546E-02  1.627530E-03      1      0      2     14      9      7
 -7.739153E-01  1.891308E-01  2.765167E-03      1      0      2     14      9      7
 -1.090332E+00  1.829822E-01  1.324410E-03      1      0      2     14      9      7
 -1.556734E+00  3.284985E-01  1.131803E-03      1      0      2     14      9      7
 -1.191573E+00  2.217809E-01  6.619882E-05      1      0      2     14      9      7
 -9.573612E-01  1.492019E-01  2.092502E-04      1      0      2     14      9      7
 -1.056745E+00  1.568748E-01  1.047626E-04      1      0      2     14      9      7
 -1.182338E+00  2.583523E-01  2.021827E-04      1      0      2     14      9      7
 -7.491990E-01  9.701537E-02  5.099449E-04      1      0      2     14      9      7
 -1.059943E+00  1.094423E-01  5.040608E-04      1      0      2     14      9      7
 -8.948588E-01  7.751039E-02  1.381667E-04      1      0      2     14      9      7
 -1.607052E+00  2.681310E-01  8.212991E-05      1      0      2     14      9      7
 -1.308079E+00  3.061213E-01  3.995649E-03      1      0      2     14      9      7
 -6.202396E-01 -1.590577E-03  5.134120E-04      1      0      2     14      9      7
 -6.001408E-01 -1.357907E-02  6.393021E-04      1      0      2     14      9      7
 -9.856936E-01  2.049207E-01  8.085309E-04      1      0      2     14      9      7
 -1.000453E+00  1.925908E-01  1.279904E-05      1      0      2     14      9      7
 -1.948140E+00  3.367924E-01  1.959903E-04      1      0      2     14      9      7
 -6.178867E-01  5.503174E-02  7.248791E-04      1      0      2     14      9      7
 -8.829487E-01  7.772240E-02  4.183255E-03      1      0      2     14      9      7
 -6.855172E-01  1.993798E-02  1.480845E-03      1      0      2     14      9      7
 -1.237015E+00  2.429218E-01  1.807551E-04      1      0      2     14      9      7
 -5.956519E-01 -1.125344E-01  1.308741E-03      1      0      2     14      9      7
 -6.778161E-01  5.004165E-02  5.522583E-04      1      0      2     14      9      7
 -1.638724E+00  4.233206E-01  1.344829E-03      1      0      2     14      9      7
 -1.554428E+00  2.428027E-01  8.484357E-04      1      0      2     14      9      7
 -6.698273E-01 -2.720226E-03  2.301361E-03      1      0      2     14      9      7
 -1.340690E+00  1.735982E-01  4.932845E-04      1      0      2     14      9      7
 -1.357640E+00  3.112732E-01  2.481883E-04      1      0      2     14      9      7
 -1.420829E+00  2.667798E-01  2.130007E-05      1      0      2     14      9      7
 -1.296561E+00  2.966151E-01  3.916806E-04      1      0      2     14      9      7
 -1.174746E+00  1.592295E-01  2.617066E-04      1      0      2     14      9      7
 -9.914703E-01  1.453646E-01  6.256755E-04      1      0      2     14      9      7
 -5.633724E-01 -1.133324E-02  8.726886E-04      1      0      2     14      9      7
 -1.350824E+00  3.324247E-01  2.004075E-05      1      0      2     14      9      7
 -9.213725E-01  1.953458E-01  1.172641E-03      1      0      2     14      9      7
 -1.118780E+00  1.576198E-01  2.408457E-04      1      0      2     14      9      7
 -8.172889E-01 -9.179543E-03  4.305686E-04      1      0      2     14      9      7
 -1.126030E+00  2.344125E-01  1.120469E-03      1      0      2     14      9      7
 -1.371252E+00  2.958542E-01  5.800450E-05      1      0      2     14      9      7
 -8.887876E-01  5.407887E-02  2.403457E-03      1      0      2     14      9      7
 -9.555711E-01  2.153945E-01  5.813451E-03      1      0      2     14      9      7
 -8.938184E-01  9.159229E-02  2.940021E-04      1      0      2     14      9      7
 -1.692372E+00  2.853656E-01  7.338135E-04      1      0      2     14      9      7
 -7.382845E-01  2.581065E-03  3.820711E-04      1      0      2     14      9      7
 -8.852577E-01  1.906604E-01  1.420838E-03      1      0      2     14      9      7
 -1.072825E+00  2.771738E-01  3.102624E-03      1      0      2     14      9      7
 -1.148738E+00  2.365871E-01  6.794236E-04      1      0      2     14      9      7
 -9.746107E-01  6.240419E-02  8.628541E-04      1      0      2     14      9      7
 -1.184547E+00  2.665948E-01  2.120339E-04      1      0      2     14      9      7
 -6.094100E-01 -5.582463E-02  1.859058E-04      1      0      2     14      9      7
 -7.292213E-01  6.460625E-02  6.580627E-04      1      0      2     14      9      7
 -1.490965E+00  2.776349E-01  8.361009E-04      1      0      2     14      9      7
 -1.182181E+00  2.055025E-01  2.658821E-05      1      0      2     14      9      7
 -1.228367E+00  2.946695E-01  7.272627E-04      1      0      2     14      9      7
 -1.060759E+00  1.240682E-01  9.543651E-04      1      0      2     14      9      7
 -9.423935E-01  1.280295E-01  3.813960E-03      1      0      2     14      9      7
 -4.062988E+00  3.108838E-01  8.417682E-05      1      0      2     14      9      7
 -9.815967E-01  2.554249E-01  3.764871E-03      1      0      2     14      9      7
 -8.086227E-01  2.458757E-01  3.588266E-03      1      0      2     14      9      7
 -1.116248E+00  2.075332E-01  9.221946E-05      1      0      2     14      9      7
 -5.823768E-01  1.564179E-02  1.167057E-03      1      0      2     14      9      7
 -6.870180E-01  3.315966E-02  1.905480E-03      1      0      2     14      9      7
 -9.475487E-01  2.189663E-01  4.464122E-03      1      0      2     14      9      7
 -1.038284E+00  1.700758E-01  1.187977E-03      1      0      2     14      9      7
 -8.253562E-01  1.368930E-01  2.185930E-04      1      0      2     14      9      7
 -1.828490E+00  3.647763E-01  1.620529E-03      1      0      2     14      9      7
 -1.788411E+00  4.328867E-01  4.366944E-04      1      0      2     14      9      7
 -6.325749E-01 -1.929368E-02  1.862725E-03      1      0      2     14      9      7
 -1.092271E+00  1.642462E-01  8.815230E-05      1      0      2     14      9      7
 -1.292533E+00  2.670868E-01  9.731174E-05      1      0      2     14      9      7
 -1.927427E+00  4.245729E-01  4.764075E-03      1      0      2     14      9      7
 -1.481113E+00  3.037140E-01  3.605852E-03      1      0      2     14      9      7
 -1.006775E+00  2.688364E-01  2.468381E-04      1      0      2     14      9      7
 -1.053044E+00  2.788436E-01  9.090263E-04      1      0      2     14      9      7
 -1.284571E+00  2.051362E-01  8.721052E-04      1      0      2     14      9      7
 -9.644119E-01  2.031414E-01  1.419005E-03      1      0      2     14      9      7
 -9.736797E-01  1.954608E-01  4.279766E-04      1      0      2     14      9      7
 -8.735416E-01  5.703389E-02  1.664701E-04      1      0      2     14      9      7
 -1.476244E+00  3.672232E-01  3.421663E-03      1      0      2     14      9      7
 -1.092221E+00  1.704319E-01  5.918464E-04      1      0      2     14      9      7
 -2.091175E+00  4.069394E-01  1.833555E-04      1      0      2     14      9      7
 -7.059301E-01 -9.714224E-04  1.528351E-03      1      0      2     14      9      7
 -1.120147E+00  1.772949E-01  2.297361E-04      1      0      2     14      9      7
 -1.312827E+00  2.431372E-01  3.283479E-04      1      0      2     14      9      7
 -1.311736E+00  2.781151E-01  4.966933E-03      1      0      2     14      9      7
 -9.468520E-01  1.170948E-01  8.716885E-04      1      0      2     14      9      7
 -1.008523E+00  1.774185E-01  2.325614E-04      1      0      2     14      9      7
 -1.112275E+00  2.092671E-01  1.481179E-03      1      0      2     14      9      7
 -9.897021E-01  5.001390E-02  1.185893E-04      1      0      2     14      9      7
 -1.477557E+00  2.308299E-01  6.465114E-04      1      0      2     14      9      7
 -8.591660E-01  7.580210E-02  4.332606E-04      1      0      2     14      9      7
 -2.212344E+00  4.473637E-01  1.415921E-03      1      0      2     14      9      7
 -8.257851E-01 -2.683019E-02  4.513378E-04      1      0      2     14      9      7
 -1.125775E+00  1.369448E-01  1.200311E-03      1      0      2     14      9      7
 -9.829531E-01  2.691042E-01  3.799292E-03      1      0      2     14      9      7
 -1.282892E+00  2.967403E-01  5.336477E-05      1      0      2     14      9      7
 -1.004659E+00  2.615639E-02  1.393335E-04      1      0      2     14      9      7
 -1.275609E+00  2.010092E-01  1.377166E-04      1      0      2     14      9      7
 -1.095069E+00  2.495210E-01  5.215463E-05      1      0      2     14      9      7
 -1.012008E+00  1.463968E-01  5.976304E-05      1      0      2     14      9      7
 -2.599399E+00  4.788337E-01  9.699504E-04      1      0      2     14      9      7
 -5.866214E-01 -2.417506E-02  2.430960E-03      1      0      2     14      9      7
 -8.512377E-01  1.632322E-01  5.134120E-04      1      0      2     14      9      7
 -1.175984E+00  2.367291E-01  1.454509E-03      1      0      2     14      9      7
 -6.648899E-01 -2.036033E-02  8.281916E-04      1      0      2     14      9      7
 -1.476011E+00  3.084407E-01  6.798904E-05      1      0      2     14      9      7
 -1.371634E+00  3.020607E-01  3.792041E-04      1      0      2     14      9      7
 -9.005803E-01  7.836563E-02  1.046626E-03      1      0      2     14      9      7
 -1.824294E+00  2.990098E-01  1.904813E-03      1      0      2     14      9      7
 -1.402383E+00  2.592480E-01  9.879525E-05      1      0      2     14      9      7
 -1.079003E+00  1.745272E-01  5.288138E-04      1      0      2     14      9      7
 -1.459424E+00  2.727383E-01  6.959673E-04      1      0      2     14      9      7
 -8.083263E-01  1.066700E-01  2.459713E-04      1      0      2     14      9      7
 -1.345800E+00  2.065930E-01  1.347996E-04      1      0      2     14      9      7
 -1.020895E+00  2.394625E-01  1.403836E-04      1      0      2     14      9      7
 -1.475524E+00  3.868969E-01  1.133220E-03      1      0      2     14      9      7
 -8.756028E-01 -1.691779E-02  6.217083E-04      1      0      2     14      9      7
 -1.085106E+00  2.327044E-01  1.024957E-03      1      0      2     14      9      7
 -5.643191E-01 -9.580368E-02  6.547623E-04      1      0      2     14      9      7
 -5.776363E-01 -8.269486E-02  7.944542E-04      1      0      2     14      9      7
 -6.354381E-01  1.972574E-02  3.432497E-04      1      0      2     14      9      7
 -7.450614E-01  1.088854E-01  1.023457E-03      1      0      2     14      9      7
 -7.039438E-01 -8.537140E-02  1.203562E-03      1      0      2     14      9      7
 -7.749862E-01  1.045515E-02  1.488013E-03      1      0      2     14      9      7
 -1.108229E+00  2.551227E-01  1.150806E-03      1      0      2     14      9      7
 -1.071537E+00  1.941362E-01  2.429543E-04      1      0      2     14      9      7
 -7.481120E-01  8.089672E-02  2.355951E-03      1      0      2     14      9      7
 -8.932314E-01  1.521476E-01  2.775918E-03      1      0      2     14      9      7
 -6.440849E-01 -1.392533E-02  1.956986E-04      1      0      2     14      9      7
 -8.472447E-01  1.241517E-01  4.714402E-04      1      0      2     14      9      7
 -1.747922E+00  4.870817E-01  5.106449E-03      1      0      2     14      9      7
 -7.264548E-01  1.157975E-01  2.333948E-04      1      0      2     14      9      7
 -4.105405E+00  2.714530E-01  5.827120E-04      1      0      2     14      9      7
 -1.183175E+00  1.869749E-01  4.636809E-04      1      0      2     14      9      7
 -1.100506E+00  1.563789E-01  5.689103E-04      1      0      2     14      9      7
 -1.273544E+00  2.848873E-01  3.148547E-03      1      0      2     14      9      7
 -5.551210E-01 -7.936248E-02  1.604944E-04      1      0      2     14      9      7
 -1.066093E+00  2.482890E-01  5.011605E-03      1      0      2     14      9      7
 -6.563405E-01 -3.582076E-02  1.186893E-03      1      0      2     14      9      7
 -1.351783E+00  2.939237E-01  6.204499E-04      1      0      2     14      9      7
 -9.458082E-01  1.454888E-01  2.179096E-04      1      0      2     14      9      7
 -1.218233E+00  2.255655E-01  3.940475E-04      1      0      2     14      9      7
 -1.310618E+00  1.185830E-01  4.719486E-04      1      0      2     14      9      7
 -7.040961E-01  7.841435E-02  3.001195E-03      1      0      2     14      9      7
 -1.415886E+00  1.707380E-01  3.724366E-03      1      0      2     14      9      7
 -1.023339E+00  9.994792E-02  1.483262E-03      1      0      2     14      9      7
 -1.073667E+00  1.583115E-01  1.399335E-04      1      0      2     14      9      7
 -1.053701E+00  1.959827E-01  2.344950E-03      1      0      2     14      9      7
 -2.217017E+00  4.251722E-01  8.662712E-04      1      0      2     14      9      7
 -1.356113E+00  2.688908E-01  3.616270E-04      1      0      2     14      9      7
 -1.046262E+00  1.744516E-01  2.718245E-03      1      0      2     14      9      7
 -6.990311E-01  2.789543E-01  5.936133E-03      1      0      2     14      9      7
 -9.112045E-01  1.715503E-01  2.147759E-03      1      0      2     14      9      7
 -8.737013E-01  1.694846E-01  2.645402E-03      1      0      2     14      9      7
 -1.118212E+00  1.650431E-01  4.497209E-04      1      0      2     14      9      7
 -2.564749E+00  5.179724E-01  6.032978E-04      1      0      2     14      9      7
 -8.814775E-01  9.136746E-02  4.115163E-05      1      0      2     14      9      7
 -1.227553E+00  1.454641E-01  3.166882E-04      1      0      2     14      9      7
 -1.388564E+00  1.864004E-01  1.180559E-04      1      0      2     14      9      7
 -1.803403E+00  2.718222E-01  2.856428E-04      1      0      2     14      9      7
 -8.447640E-01  6.931470E-02  4.923844E-04      1      0      2     14      9      7
 -1.068661E+00  1.561370E-01  3.005863E-04      1      0      2     14      9      7
 -7.760330E-01  5.371382E-02  7.611418E-05      1      0      2     14      9      7
 -5.709067E-01 -1.205808E-01  1.516933E-04      1      0      2     14      9      7
 -1.027655E+00  2.001222E-01  1.439840E-03      1      0      2     14      9      7
 -7.206754E-01  5.794808E-02  2.630734E-04      1      0      2     14      9      7
 -1.506529E+00  4.400755E-01  3.313817E-04      1      0      2     14      9      7
 -8.091478E-01  1.604912E-01  5.467076E-04      1      0      2     14      9      7
 -1.597903E+00  2.468438E-01  7.997132E-04      1      0      2     14      9      7
 -1.041785E+00  2.382881E-01  6.663887E-04      1      0      2     14      9      7
 -1.329742E+00  2.492137E-01  1.322910E-03      1      0      2     14      9      7
 -1.028416E+00  2.072083E-01  2.953940E-04      1      0      2     14      9      7
 -1.151216E+00  2.600850E-01  6.599880E-05      1      0      2     14      9      7
 -9.378641E-01  1.956866E-01  1.529518E-03      1      0      2     14      9      7
 -1.284066E+00  3.380023E-01  5.623512E-03      1      0      2     14      9      7
 -1.036083E+00  1.984722E-01  2.562059E-04      1      0      2     14      9      7
 -6.005466E-01 -7.053912E-02  3.081872E-04      1      0      2     14      9      7
 -1.183119E+00  2.471266E-01  1.261319E-03      1      0      2     14      9      7
 -9.483247E-01  1.257086E-01  1.076463E-04      1      0      2     14      9      7
 -1.854332E+00  2.956509E-01  5.167540E-05      1      0      2     14      9      7
 -1.100407E+00  9.442679E-02  1.490680E-03      1      0      2     14      9      7
 -3.958152E+00  5.057267E-01  1.215397E-03      1      0      2     14      9      7
 -6.134019E-01 -1.321889E-02  9.534484E-04      1      0      2     14      9      7
 -7.070390E-01  1.331407E-01  1.055794E-03      1      0      2     14      9      7
 -1.591248E+00  4.239756E-01  1.492513E-03      1      0      2     14      9      7
 -8.599609E-01  1.049743E-01  1.961987E-03      1      0      2     14      9      7
 -1.278801E+00  1.923945E-01  1.759712E-04      1      0      2     14      9      7
 -1.014595E+00  2.100088E-01  3.371573E-04      1      0      2     14      9      7
 -1.305582E+00  2.472194E-01  7.581831E-03      1      0      2     14      9      7
 -6.590655E-01  5.860731E-02  9.880359E-05      1      0      2     14      9      7
 -3.571038E+00  8.673087E-01  5.035107E-03      1      0      2     14      9      7
 -7.105899E-01 -7.843474E-02  2.411291E-03      1      0      2     14      9      7
 -8.670757E-01  1.256695E-01  1.973905E-03      1      0      2     14      9      7
 -9.337975E-01  1.315440E-01  1.053877E-04      1      0      2     14      9      7
 -1.294318E+00  2.127736E-01  2.626400E-03      1      0      2     14      9      7
 -9.703682E-01  7.393303E-02  8.669379E-05      1      0      2     14      9      7
 -8.465382E-01 -4.446514E-02  8.046471E-05      1      0      2     14      9      7
 -8.685704E-01  5.428753E-02  9.890360E-04      1      0      2     14      9      7
 -7.248317E-01  3.505112E-02  1.389001E-04      1      0      2     14      9      7
 -8.738973E-01  1.532596E-01  7.990131E-04      1      0      2     14      9      7
 -8.746724E-01  5.807445E-02  2.414208E-04      1      0      2     14      9      7
 -7.710430E-01  9.170828E-02  1.259652E-03      1      0      2     14      9      7
 -8.549745E-01  1.116371E-01  8.511027E-05      1      0      2     14      9      7
 -1.055105E+00  2.577662E-01  4.614557E-03      1      0      2     14      9      7
 -9.610337E-01  1.046051E-01  2.582062E-05      1      0      2     14      9      7
 -9.350770E-01  1.301096E-01  8.544364E-05      1      0      2     14      9      7
 -1.230488E+00  1.791956E-01  1.340078E-03      1      0      2     14      9      7
 -1.178310E+00  1.669192E-01  9.266952E-05      1      0      2     14      9      7
 -6.832720E-01 -1.366612E-01  2.827174E-04      1      0      2     14      9      7
 -1.242510E+00  2.896911E-01  2.627984E-04      1      0      2     14      9      7
 -9.030584E-01 -2.086249E-02  8.205823E-05      1      0      2     14      9      7
 -6.164128E-01 -1.400287E-02  1.322243E-03      1      0      2     14      9      7
 -6.612446E-01 -1.244779E-03  1.189060E-04      1      0      2     14      9      7
 -6.054173E-01  5.785605E-02  1.384084E-04      1      0      2     14      9      7
 -1.004868E+00  1.533841E-01  3.147713E-04      1      0      2     14      9      7
 -1.081744E+00  1.777214E-01  6.094985E-04      1      0      2     14      9      7
 -9.754161E-01  1.067695E-01  6.930419E-05      1      0      2     14      9      7
 -1.159009E+00  2.765293E-01  1.932900E-04      1      0      2     14      9      7
 -8.703132E-01  8.326323E-02  3.854632E-04      1      0      2     14      9      7
 -1.088160E+00  6.701402E-02  4.851169E-04      1      0      2     14      9      7
 -8.345923E-01  1.416142E-01  3.603685E-03      1      0      2     14      9      7
 -1.169255E+00  1.844294E-01  1.800634E-04      1      0      2     14      9      7
 -1.120832E+00  2.779041E-01  1.548353E-03      1      0      2     14      9      7
 -6.427962E-01 -9.958439E-02  1.873476E-03      1      0      2     14      9      7
 -8.621518E-01  1.532245E-01  1.001204E-03      1      0      2     14      9      7
 -7.801793E-01  1.237169E-01  3.963061E-03      1      0      2     14      9      7
 -7.194580E-01  8.612299E-02  2.167762E-03      1      0      2     14      9      7
 -6.780533E-01  6.854737E-02  6.690974E-05      1      0      2     14      9      7
 -1.352936E+00  1.622454E-01  4.609139E-04      1      0      2     14      9      7
 -1.107861E+00  2.897473E-01  6.409023E-04      1      0      2     14      9      7
 -9.335332E-01  2.703299E-01  2.219268E-03      1      0      2     14      9      7
 -1.377342E+00  2.676669E-01  3.961144E-04      1      0      2     14      9      7
 -7.054855E-01  1.261718E-01  2.436877E-03      1      0      2     14      9      7
 -1.194201E+00  1.969267E-01  1.932733E-03      1      0      2     14      9      7
 -9.936432E-01  7.037235E-02  4.205924E-05      1      0      2     14      9      7
 -8.490302E-01  1.477862E-01  1.324743E-03      1      0      2     14      9      7
 -1.462804E+00  3.271938E-01  2.004158E-04      1      0      2     14      9      7
 -6.952282E-01 -9.285059E-03  2.402540E-04      1      0      2     14      9      7
 -9.866231E-01  1.379456E-01  7.452399E-03      1      0      2     14      9      7
 -1.035998E+00  1.876148E-01  7.082771E-04      1      0      2     14      9      7
 -8.076481E-01  9.669564E-02  2.109254E-03      1      0      2     14      9      7
 -1.423886E+00  3.583776E-01  4.729737E-03      1      0      2     14      9      7
 -5.379702E-01 -8.666445E-02  8.917743E-05      1      0      2     14      9      7
 -2.386990E+00  3.735545E-01  5.258051E-03      1      0      2     14      9      7
 -8.759880E-01  2.210306E-01  7.177533E-04      1      0      2     14      9      7
 -1.057431E+00  2.114687E-01  2.239520E-03      1      0      2     14      9      7
 -1.043867E+00  1.913400E-01  4.236261E-04      1      0      2     14      9      7
 -9.966987E-01  1.000505E-01  3.778789E-05      1      0      2     14      9      7
 -8.743254E-01  3.302050E-02  4.164586E-04      1      0      2     14      9      7
 -7.115783E-01  5.032018E-02  1.082964E-03      1      0      2     14      9      7
 -9.304042E-01  2.406834E-01  5.121618E-03      1      0      2     14      9      7
 -1.151597E+00  3.056119E-01  6.841826E-04      1      0      2     14      9      7
 -9.035595E-01  3.150658E-02  3.607685E-04      1      0      2     14      9      7
 -9.820891E-01  1.934419E-01  1.317492E-03      1      0      2     14      9      7
 -7.258200E-01  9.467365E-02  9.757011E-04      1      0      2     14      9      7
 -7.015318E-01 -1.438136E-02  2.164178E-03      1      0      2     14      9      7
 -1.223098E+00  2.257642E-01  8.007383E-05      1      0      2     14      9      7
 -7.131395E-01 -1.122248E-02  2.228269E-03      1      0      2     14      9      7
 -1.297648E+00  2.630482E-01  1.633030E-04      1      0      2     14      9      7
 -1.234764E+00  1.631999E-01  1.311825E-04      1      0      2     14      9      7
 -2.195853E+00  3.012691E-01  4.917010E-04      1      0      2     14      9      7
 -1.240728E+00  2.033508E-01  2.716078E-04      1      0      2     14      9      7
 -9.802179E-01  2.524425E-01  3.766788E-04      1      0      2     14      9      7
 -9.254547E-01  1.963378E-01  4.006650E-03      1      0      2     14      9      7
 -1.326451E+00  3.720954E-01  1.560688E-03      1      0      2     14      9      7
 -7.916492E-01  8.552625E-02  2.436961E-03      1      0      2     14      9      7
 -6.678440E-01 -4.023805E-02  1.023123E-03      1      0      2     14      9      7
 -2.491588E+00  3.591940E-01  7.496321E-04      1      0      2     14      9      7
 -6.697788E-01  3.034609E-02  1.578940E-04      1      0      2     14      9      7
 -1.313172E+00  2.608751E-01  2.423792E-04      1      0      2     14      9      7
 -6.026768E-01  2.421707E-02  2.656487E-04      1      0      2     14      9      7
 -6.264730E-01 -7.930073E-02  7.624253E-04      1      0      2     14      9      7
 -2.020917E+00  3.597975E-01  2.758083E-04      1      0      2     14      9      7
 -8.926561E-01  1.125173E-01  1.978572E-03      1      0      2     14      9      7
 -3.963845E+00  3.517028E-01  3.824712E-04      1      0      2     14      9      7
 -8.201014E-01  1.377683E-01  1.527851E-03      1      0      2     14      9      7
 -1.254381E+00  1.041495E-01  1.601777E-04      1      0      2     14      9      7
 -5.781739E-01 -2.458156E-02  5.343811E-04      1      0      2     14      9      7
 -9.694261E-01  9.783890E-02  3.259810E-04      1      0      2     14      9      7
 -6.415066E-01  2.079770E-02  3.897554E-04      1      0      2     14      9      7
 -7.528270E-01  7.905986E-02  3.000862E-03      1      0      2     14      9      7
 -7.152899E-01 -4.686822E-02  3.356405E-04      1      0      2     14      9      7
 -1.542389E+00  3.446302E-01  2.935437E-03      1      0      2     14      9      7
 -1.044869E+00  1.389192E-01  3.467918E-05      1      0      2     14      9      7
 -8.255890E-01  1.284600E-01  2.747248E-04      1      0      2     14      9      7
 -9.375663E-01  9.684757E-02  3.197636E-04      1      0      2     14      9      7
 -5.860563E-01  1.984830E-02  1.371165E-04      1      0      2     14      9      7
 -9.607423E-01  1.724468E-01  2.517554E-03      1      0      2     14      9      7
 -1.063279E+00  1.007568E-01  1.028124E-04      1      0      2     14      9      7
 -1.079639E+00  1.965838E-01  2.888182E-05      1      0      2     14      9      7
 -7.578388E-01 -2.779945E-03  1.043543E-03      1      0      2     14      9      7
 -9.084459E-01  7.272983E-02  4.679065E-04      1      0      2     14      9      7
 -1.439553E+00  3.073451E-01  6.582294E-04      1      0      2     14      9      7
 -1.046262E+00  1.744516E-01  2.718245E-03      1      0      2     14      9      7
 -9.622157E-01 -1.357298E-01  7.114775E-05      1      0      2     14      9      7
 -7.918108E-01  5.971921E-02  9.620327E-04      1      0      2     14      9      7
 -7.023218E-01  2.382205E-02  2.400790E-03      1      0      2     14      9      7
 -1.365300E+00  2.569237E-01  2.954690E-04      1      0      2     14      9      7
 -1.147852E+00  2.626463E-01  6.795653E-04      1      0      2     14      9      7
 -7.312430E-01  6.237323E-02  2.618983E-04      1      0      2     14      9      7
 -1.039086E+00  1.251572E-01  2.872763E-04      1      0      2     14      9      7
 -1.174123E+00  2.811676E-01  1.455676E-04      1      0      2     14      9      7
 -1.212507E+00  2.412459E-01  7.422645E-04      1      0      2     14      9      7
 -6.168172E-01  1.091202E-02  2.386455E-03      1      0      2     14      9      7
 -7.025338E-01  1.129911E-01  9.568654E-04      1      0      2     14      9      7
 -7.961766E-01  1.253543E-01  9.436138E-04      1      0      2     14      9      7
 -1.157415E+00  1.554894E-01  8.820231E-05      1      0      2     14      9      7
 -9.991826E-01  7.913397E-02  1.084131E-03      1      0      2     14      9      7
 -1.038861E+00  2.644121E-02  1.125052E-04      1      0      2     14      9      7
 -7.881181E-01  7.469562E-02  2.100253E-04      1      0      2     14      9      7
 -1.275134E+00  2.375213E-01  6.905583E-03      1      0      2     14      9      7
 -1.178066E+00  2.366006E-01  5.163956E-04      1      0      2     14      9      7
 -1.004365E+00  2.861252E-01  5.694354E-04      1      0      2     14      9      7
 -1.162994E+00  2.164836E-01  8.478523E-05      1      0      2     14      9      7
 -5.654028E-01  2.150435E-02  3.533593E-04      1      0      2     14      9      7
 -1.086561E+00  1.687105E-01  5.383066E-05      1      0      2     14      9      7
 -1.508147E+00  2.879411E-01  3.146880E-03      1      0      2     14      9      7
 -1.039209E+00  1.832916E-01  7.543660E-03      1      0      2     14      9      7
 -9.882302E-01  2.380279E-01  2.806088E-04      1      0      2     14      9      7
 -1.666235E+00  3.801726E-01  6.759566E-04      1      0      2     14      9      7
 -1.279902E+00  1.870835E-01  2.864262E-04      1      0      2     14      9      7
 -1.143473E+00  2.424470E-01  2.239020E-03      1      0      2     14      9      7
 -1.198314E+00  2.511321E-01  3.563680E-04      1      0      2     14      9      7
 -8.757789E-01  5.316082E-03  3.153714E-04      1      0      2     14      9      7
 -8.564749E-01  8.532268E-02  5.886710E-04      1      0      2     14      9      7
 -8.721366E-01  8.162231E-02  2.962524E-04      1      0      2     14      9      7
 -1.025381E+00  1.362076E-01  1.840889E-04      1      0      2     14      9      7
 -7.553099E-01 -6.001947E-02  2.347783E-03      1      0      2     14      9      7
 -1.235679E+00  2.341575E-01  1.099216E-04      1      0      2     14      9      7
 -2.123006E+00  3.436293E-01  4.321188E-03      1      0      2     14      9      7
 -1.156894E+00  2.570767E-01  3.488838E-03      1      0      2     14      9      7
 -6.159454E-01 -1.844777E-02  2.645569E-04      1      0      2     14      9      7
 -6.477108E-01  3.275357E-02  1.888811E-04      1      0      2     14      9      7
 -9.825249E-01  6.441193E-03  6.129073E-04      1      0      2     14      9      7
 -1.769141E+00  3.720276E-01  2.013826E-04      1      0      2     14      9      7
 -8.700704E-01 -4.940992E-02  2.513887E-04      1      0      2     14      9      7
 -1.092889E+00  2.735186E-01  2.060249E-04      1      0      2     14      9      7
 -6.815591E-01 -4.670920E-03  1.448175E-03      1      0      2     14      9      7
 -1.094297E+00  1.890985E-01  4.283184E-04      1      0      2     14      9      7
 -1.314674E+00  2.995369E-01  6.091235E-03      1      0      2     14      9      7
 -1.012164E+00  1.920962E-01  1.481845E-04      1      0      2     14      9      7
 -3.976917E+00  3.261900E-01  4.232011E-05      1      0      2     14      9      7
 -9.687980E-01  1.011652E-01  3.235224E-04      1      0      2     14      9      7
 -2.779136E+00  4.999522E-01  1.009122E-03      1      0      2     14      9      7
 -9.445004E-01  2.099039E-01  1.055794E-04      1      0      2     14      9      7
 -8.523690E-01  1.755731E-01  7.627170E-03      1      0      2     14      9      7
 -8.190486E-01  2.315653E-01  1.279238E-03      1      0      2     14      9      7
 -1.135308E+00  1.771334E-01  1.086631E-03      1      0      2     14      9      7
 -6.033006E-01 -1.053365E-01  2.472132E-04      1      0      2     14      9      7
 -8.785597E-01  1.055213E-01  3.954560E-04      1      0      2     14      9      7
 -1.078024E+00  5.601418E-02  2.325864E-04      1      0      2     14      9      7
 -1.463084E+00  2.373542E-01  1.769630E-04      1      0      2     14      9      7
 -7.612857E-01  6.691551E-02  9.382799E-05      1      0      2     14      9      7
 -1.370216E+00  3.087736E-01  1.096049E-04      1      0      2     14      9      7
 -1.250308E+00  1.488379E-01  6.574210E-04      1      0      2     14      9      7
 -1.074944E+00  2.375701E-01  1.590192E-04      1      0      2     14      9      7
 -8.487909E-01  8.428674E-02  5.021689E-04      1      0      2     14      9      7
 -6.750685E-01 -8.609723E-02  2.294944E-04      1      0      2     14      9      7
 -1.346155E+00  2.717472E-01  2.212600E-04      1      0      2     14      9      7
 -1.294222E+00  2.990138E-01  8.015884E-05      1      0      2     14      9      7
 -1.211489E+00  2.091504E-01  1.070129E-03      1      0      2     14      9      7
 -1.219382E+00  2.711076E-01  1.584858E-04      1      0      2     14      9      7
 -8.191894E-01  1.793756E-01  4.894257E-04      1      0      2     14      9      7
 -9.178187E-01  1.188854E-01  8.397680E-04      1      0      2     14      9      7
 -9.007226E-01 -6.470215E-03  3.749702E-04      1      0      2     14      9      7
 -1.295898E+00  2.794246E-01  2.070583E-03      1      0      2     14      9      7
 -1.273691E+00  2.795657E-01  7.078271E-04      1      0      2     14      9      7
 -1.064843E+00  1.239084E-01  1.993657E-04      1      0      2     14      9      7
 -1.343507E+00  2.734051E-01  1.949569E-04      1      0      2     14      9      7
 -1.549662E+00  3.083527E-01  1.327660E-03      1      0      2     14      9      7
 -1.619356E+00  3.147331E-01  4.755907E-04      1      0      2     14      9      7
 -8.665634E-01  2.395937E-01  5.795366E-04      1      0      2     14      9      7
 -8.886787E-01  1.347144E-01  2.623067E-04      1      0      2     14      9      7
 -1.047809E+00  1.352978E-01  1.478762E-04      1      0      2     14      9      7
 -8.785597E-01  1.055213E-01  3.954560E-04      1      0      2     14      9      7
 -1.401142E+00  1.740661E-01  1.953069E-05      1      0      2     14      9      7
 -1.039218E+00  1.278411E-01  1.158556E-04      1      0      2     14      9      7
 -1.271358E+00  3.002747E-01  2.914518E-04      1      0      2     14      9      7
 -1.014360E+00  1.643046E-01  1.849723E-03      1      0      2     14      9      7
 -1.139322E+00  2.432411E-01  7.471985E-03      1      0      2     14      9      7
 -1.020229E+00  8.032951E-02  2.465214E-04      1      0      2     14      9      7
 -6.075052E-01 -6.332571E-03  2.007492E-03      1      0      2     14      9      7
 -1.352562E+00  3.028948E-01  2.199599E-04      1      0      2     14      9      7
 -1.078517E+00  2.780313E-01  1.695371E-04      1      0      2     14      9      7
 -1.960630E+00  3.539720E-01  2.163178E-03      1      0      2     14      9      7
 -1.689770E+00  3.256844E-01  6.643385E-05      1      0      2     14      9      7
 -1.318721E+00  2.426638E-01  1.218314E-03      1      0      2     14      9      7
 -1.079406E+00  2.393390E-01  1.781382E-03      1      0      2     14      9      7
 -5.837052E-01 -6.653979E-02  1.388751E-03      1      0      2     14      9      7
 -1.039826E+00  1.872329E-01  1.216313E-03      1      0      2     14      9      7
 -8.811042E-01  1.420410E-01  9.943700E-04      1      0      2     14      9      7
 -9.119707E-01  1.204576E-01  1.300157E-04      1      0      2     14      9      7
 -1.032048E+00  2.441587E-01  1.027707E-03      1      0      2     14      9      7
 -1.405699E+00  2.677394E-01  2.309279E-04      1      0      2     14      9      7
 -1.144154E+00  1.637619E-01  3.457334E-04      1      0      2     14      9      7
 -1.473168E+00  2.862041E-01  4.549716E-04      1      0      2     14      9      7
 -1.130953E+00  4.092225E-02  5.494163E-05      1      0      2     14      9      7
 -6.452899E-01 -7.181170E-02  1.467594E-03      1      0      2     14      9      7
 -9.997037E-01  1.956806E-01  1.443424E-03      1      0      2     14      9      7
 -7.194257E-01 -5.436203E-02  1.857141E-04      1      0      2     14      9      7
 -1.139556E+00  2.377189E-01  4.491459E-03      1      0      2     14      9      7
 -9.977315E-01  1.677292E-01  1.087631E-04      1      0      2     14      9      7
 -1.136803E+00  2.148451E-01  2.842010E-04      1      0      2     14      9      7
 -8.466747E-01  7.160072E-02  1.513183E-03      1      0      2     14      9      7
 -7.160167E-01  1.921934E-02  5.716023E-04      1      0      2     14      9      7
 -1.084646E+00  1.164669E-01  1.253818E-03      1      0      2     14      9      7
 -1.968031E+00  3.888115E-01  6.275424E-04      1      0      2     14      9      7
 -7.111594E-01  8.563652E-02  1.256652E-03      1      0      2     14      9      7
 -6.478023E-01  1.004003E-01  1.135054E-03      1      0      2     14      9      7
 -7.996160E-01 -3.019244E-03  1.835055E-04      1      0      2     14      9      7
 -9.691918E-01  2.254834E-01  4.671147E-03      1      0      2     14      9      7
 -6.395237E-01 -6.493217E-03  2.093836E-04      1      0      2     14      9      7
 -8.186689E-01  1.159273E-01  2.589812E-04      1      0      2     14      9      7
 -1.258597E+00  2.099616E-01  8.044721E-04      1      0      2     14      9      7
 -1.868173E+00  3.243818E-01  1.076380E-04      1      0      2     14      9      7
 -5.592375E-01 -1.053912E-02  1.944151E-03      1      0      2     14      9      7
 -7.224845E-01  8.695531E-02  6.542123E-04      1      0      2     14      9      7
 -6.739642E-01 -1.053551E-01  5.984055E-04      1      0      2     14      9      7
 -2.325761E+00  4.129778E-01  1.613945E-03      1      0      2     14      9      7
 -2.024630E+00  3.384746E-01  1.586275E-04      1      0      2     14      9      7
 -9.366774E-01  1.613074E-01  2.376620E-04      1      0      2     14      9      7
 -5.780161E-01 -1.219475E-01  2.158344E-03      1      0      2     14      9      7
 -5.876661E-01 -6.019667E-02  1.323576E-03      1      0      2     14      9      7
 -7.209196E-01 -2.330063E-02  4.799913E-04      1      0      2     14      9      7
 -1.508139E+00  3.346111E-01  4.607473E-03      1      0      2     14      9      7
 -7.703402E-01 -9.803109E-02  1.525434E-03      1      0      2     14      9      7
 -6.774331E-01  3.660233E-02  1.383084E-04      1      0      2     14      9      7
 -1.057449E+00  5.117361E-02  8.750223E-05      1      0      2     14      9      7
 -1.035575E+00  2.052342E-01  2.354784E-03      1      0      2     14      9      7
 -1.067672E+00  2.621142E-01  4.063490E-04      1      0      2     14      9      7
 -1.310023E+00  2.932220E-01  3.327401E-04      1      0      2     14      9      7
 -1.071902E+00  2.210656E-01  6.919668E-04      1      0      2     14      9      7
 -9.289627E-01  1.350886E-01  9.710338E-05      1      0      2     14      9      7
 -1.475495E+00  2.991596E-01  2.332031E-04      1      0      2     14      9      7
 -1.139381E+00  2.105604E-01  5.365731E-04      1      0      2     14      9      7
 -1.239026E+00  2.038272E-01  9.721173E-04      1      0      2     14      9      7
 -7.843137E-01  1.027312E-01  3.778122E-03      1      0      2     14      9      7
 -9.418673E-01  7.801327E-02  1.864058E-04      1      0      2     14      9      7
 -1.281147E+00  2.868300E-01  1.196144E-04      1      0      2     14      9      7
 -6.337457E-01  2.666146E-02  1.423838E-03      1      0      2     14      9      7
 -8.988110E-01  1.283847E-01  1.613945E-03      1      0      2     14      9      7
 -2.745652E+00  5.583428E-01  1.137054E-04      1      0      2     14      9      7
 -1.603354E+00  2.625946E-01  1.045626E-03      1      0      2     14      9      7
 -9.723838E-01  1.024756E-01  6.383687E-04      1      0      2     14      9      7
 -1.202002E+00  1.625649E-01  2.162344E-04      1      0      2     14      9      7
 -1.573720E+00  2.860718E-01  1.283655E-03      1      0      2     14      9      7
 -1.033753E+00  2.030363E-01  7.392892E-04      1      0      2     14      9      7
 -8.676629E-01  2.689710E-02  1.858391E-04      1      0      2     14      9      7
 -6.045931E-01 -4.651785E-02  1.483346E-03      1      0      2     14      9      7
 -1.603013E+00  3.638873E-01  6.556291E-04      1      0      2     14      9      7
 -1.020351E+00  1.490385E-01  6.257005E-04      1      0      2     14      9      7
 -1.353983E+00  2.102000E-01  8.883572E-04      1      0      2     14      9      7
 -9.289886E-01  1.517985E-01  6.878747E-04      1      0      2     14      9      7
 -7.858750E-01  8.629352E-02  8.253246E-04      1      0      2     14      9      7
 -1.149482E+00  2.887044E-01  9.700337E-04      1      0      2     14      9      7
 -1.105851E+00  1.576842E-01  7.972045E-05      1      0      2     14      9      7
 -1.039102E+00  8.713066E-02  4.011484E-03      1      0      2     14      9      7
 -8.296911E-01  1.685660E-01  7.173282E-03      1      0      2     14      9      7
 -7.722282E-01  4.718545E-02  4.296102E-04      1      0      2     14      9      7
 -7.562416E-01  6.864579E-02  5.133619E-04      1      0      2     14      9      7
 -8.160181E-01  7.523215E-02  4.243845E-03      1      0      2     14      9      7
 -7.384152E-01  1.293012E-01  5.911463E-03      1      0      2     14      9      7
 -8.309413E-01  1.267274E-01  6.253338E-04      1      0      2     14      9      7
 -9.444990E-01  3.862588E-02  2.061749E-04      1      0      2     14      9      7
 -1.043124E+00  2.613260E-01  3.836463E-04      1      0      2     14      9      7
 -9.177712E-01  1.486835E-01  1.027041E-03      1      0      2     14      9      7
 -1.252268E+00  1.865033E-01  1.757712E-04      1      0      2     14      9      7
 -9.673450E-01  1.628504E-01  1.759796E-04      1      0      2     14      9      7
 -1.512970E+00  3.151907E-01  8.287167E-04      1      0      2     14      9      7
 -6.177826E-01  1.068070E-01  1.180892E-04      1      0      2     14      9      7
 -1.503163E+00  3.496346E-01  6.307761E-05      1      0      2     14      9      7
 -8.138423E-01  1.463703E-01  1.088881E-03      1      0      2     14      9      7
 -9.069642E-01  1.382128E-01  1.875643E-04      1      0      2     14      9      7
 -1.437238E+00  3.509056E-01  2.918769E-05      1      0      2     14      9      7
 -1.439063E+00  2.845536E-01  1.190227E-03      1      0      2     14      9      7
 -8.115697E-01  1.393704E-01  1.394085E-03      1      0      2     14      9      7
 -7.275622E-01 -2.344079E-02  5.820535E-04      1      0      2     14      9      7
 -1.305503E+00  2.254545E-01  3.203887E-04      1      0      2     14      9      7
 -1.086923E+00  2.488388E-01  1.942484E-03      1      0      2     14      9      7
 -9.031826E-01  2.374243E-01  3.509423E-03      1      0      2     14      9      7
 -1.442157E+00  1.830978E-01  1.826887E-04      1      0      2     14      9      7
 -1.072579E+00  1.754885E-01  1.062962E-03      1      0      2     14      9      7
 -9.482154E-01  2.090669E-01  1.291656E-03      1      0      2     14      9      7
 -1.128459E+00  2.290957E-01  8.035719E-05      1      0      2     14      9      7
 -1.941075E+00  3.054651E-01  2.281442E-04      1      0      2     14      9      7
 -1.006605E+00  2.329459E-01  2.834675E-03      1      0      2     14      9      7
 -1.396528E+00  3.599122E-01  1.264736E-03      1      0      2     14      9      7
 -8.256423E-01 -5.377531E-02  5.830870E-04      1      0      2     14      9      7
 -1.190457E+00  2.058125E-01  8.248078E-04      1      0      2     14      9      7
 -1.861563E+00  4.278697E-01  1.990907E-04      1      0      2     14      9      7
 -1.148309E+00  2.013196E-01  6.074066E-04      1      0      2     14      9      7
 -7.866504E-01  1.398282E-01  3.058036E-03      1      0      2     14      9      7
 -6.633472E-01 -1.171089E-01  8.522695E-05      1      0      2     14      9      7
 -1.100553E+00  1.460610E-01  2.517637E-04      1      0      2     14      9      7
 -1.110293E+00  3.080544E-01  3.130544E-05      1      0      2     14      9      7
 -6.363148E-01  1.127730E-02  3.813127E-04      1      0      2     14      9      7
 -7.150232E-01  8.322256E-02  3.597851E-03      1      0      2     14      9      7
 -1.605858E+00  3.269236E-01  4.051322E-04      1      0      2     14      9      7
 -6.333750E-01 -1.111173E-01  1.864142E-04      1      0      2     14      9      7
 -1.092981E+00  3.822686E-02  6.510036E-04      1      0      2     14      9      7
 -1.001558E+00  3.031425E-01  5.943217E-04      1      0      2     14      9      7
 -1.126629E+00  1.139602E-01  9.825352E-05      1      0      2     14      9      7
 -8.622960E-01  1.349937E-01  2.178013E-04      1      0      2     14      9      7
 -1.043224E+00  2.080774E-01  5.089947E-03      1      0      2     14      9      7
 -1.247768E+00  2.663864E-01  1.819803E-04      1      0      2     14      9      7
 -7.827890E-01  1.044085E-01  2.430293E-03      1      0      2     14      9      7
 -9.944493E-01  2.168042E-01  4.323188E-03      1      0      2     14      9      7
 -5.491160E-01 -7.829298E-02  2.106838E-03      1      0      2     14      9      7
 -6.436242E-01 -5.664405E-02  1.761296E-03      1      0      2     14      9      7
 -1.022117E+00  1.657779E-01  6.291592E-04      1      0      2     14      9      7
 -6.935340E-01  4.345058E-02  4.346525E-04      1      0      2     14      9      7
 -1.058058E+00  1.134499E-01  3.525759E-04      1      0      2     14      9      7
 -8.997232E-01  1.592487E-01  2.229352E-03      1      0      2     14      9      7
 -1.029891E+00  2.123184E-01  2.543974E-03      1      0      2     14      9      7
 -1.805705E+00  3.624874E-01  2.147676E-04      1      0      2     14      9      7
 -1.083155E+00  1.501272E-01  4.545798E-05      1      0      2     14      9      7
 -1.361962E+00  3.329275E-01  9.616994E-05      1      0      2     14      9      7
 -5.999327E-01 -1.026319E-02  6.881830E-04      1      0      2     14      9      7
 -8.019206E-01  1.342272E-01  1.753295E-04      1      0      2     14      9      7
 -6.014640E-01 -1.587054E-01  2.209683E-03      1      0      2     14      9      7
 -8.494738E-01  1.422063E-01  5.780531E-04      1      0      2     14      9      7
 -7.507613E-01  1.787288E-02  1.231399E-03      1      0      2     14      9      7
 -1.458899E+00  3.426271E-01  2.904934E-03      1      0      2     14      9      7
 -2.107049E+00  3.888465E-01  7.502989E-03      1      0      2     14      9      7
 -1.078361E+00  2.020947E-01  1.203729E-04      1      0      2     14      9      7
 -1.732684E+00  4.364897E-01  5.125368E-03      1      0      2     14      9      7
 -6.080790E-01  8.275922E-03  5.041358E-04      1      0      2     14      9      7
 -1.082816E+00  5.305254E-02  8.071640E-04      1      0      2     14      9      7
 -1.294134E+00  3.305294E-01  1.219230E-04      1      0      2     14      9      7
 -1.242248E+00  1.619106E-01  3.546428E-04      1      0      2     14      9      7
 -9.701679E-01  6.823754E-02  4.747156E-05      1      0      2     14      9      7
 -7.895081E-01  2.054480E-01  1.721124E-03      1      0      2     14      9      7
 -8.511915E-01 -5.121807E-03  2.099420E-04      1      0      2     14      9      7
 -9.073000E-01  1.386996E-01  5.092614E-04      1      0      2     14      9      7
 -1.187821E+00  1.559012E-01  5.165123E-04      1      0      2     14      9      7
 -1.088345E+00  1.722821E-01  2.076084E-03      1      0      2     14      9      7
 -1.696664E+00  2.965977E-01  1.594942E-03      1      0      2     14      9      7
 -1.106179E+00  1.810864E-01  2.690991E-04      1      0      2     14      9      7
 -6.458260E-01 -4.876546E-02  2.393539E-03      1      0      2     14      9      7
 -1.105714E+00  7.932933E-02  3.865383E-05      1      0      2     14      9      7
 -2.025587E+00  4.037954E-01  8.872737E-04      1      0      2     14      9      7
 -1.513033E+00  2.805862E-01  4.431285E-04      1      0      2     14      9      7
 -9.304042E-01  2.406834E-01  5.121618E-03      1      0      2     14      9      7
 -1.482977E+00  3.194643E-01  5.591091E-05      1      0      2     14      9      7
 -1.668689E+00  3.310252E-01  1.541603E-04      1      0      2     14      9      7
 -6.484003E-01  2.388632E-03  4.744656E-04      1      0      2     14      9      7
 -6.645536E-01  2.934324E-02  1.807551E-04      1      0      2     14      9      7
 -1.075331E+00  2.302865E-01  1.230232E-03      1      0      2     14      9      7
 -1.007223E+00  1.539131E-01  4.485541E-04      1      0      2     14      9      7
 -6.563205E-01 -5.560293E-02  2.368452E-03      1      0      2     14      9      7
 -1.027113E+00  1.950622E-01  1.330411E-03      1      0      2     14      9      7
 -9.599672E-01  1.542691E-01  4.761908E-03      1      0      2     14      9      7
 -1.225562E+00  2.215246E-01  1.376333E-04      1      0      2     14      9      7
 -7.078538E-01  2.576171E-02  1.259485E-03      1      0      2     14      9      7
 -1.488381E+00  3.521878E-01  8.901074E-04      1      0      2     14      9      7
 -8.152558E-01  1.392856E-01  7.823527E-04      1      0      2     14      9      7
 -7.720343E-01  1.451015E-01  2.416458E-03      1      0      2     14      9      7
 -1.336306E+00  3.285169E-01  1.410253E-03      1      0      2     14      9      7
 -8.091158E-01  2.450456E-01  2.193431E-03      1      0      2     14      9      7
 -8.137027E-01  5.682864E-02  7.642839E-05      1      0      2     14      9      7
 -1.097061E+00  2.993525E-01  1.432173E-04      1      0      2     14      9      7
 -1.361046E+00  2.827173E-01  6.726062E-05      1      0      2     14      9      7
 -1.131498E+00  2.239996E-01  1.005788E-03      1      0      2     14      9      7
 -9.196556E-01  1.869658E-01  1.857557E-03      1      0      2     14      9      7
 -6.817883E-01  8.445995E-02  1.452175E-04      1      0      2     14      9      7
 -9.322528E-01  1.670785E-01  1.973988E-04      1      0      2     14      9      7
 -9.733748E-01  1.418491E-01  4.680648E-04      1      0      2     14      9      7
 -8.858921E-01  1.532464E-01  1.284988E-03      1      0      2     14      9      7
 -1.428245E+00  3.353454E-01  4.894090E-05      1      0      2     14      9      7
 -1.065252E+00  1.925979E-01  8.431017E-04      1      0      2     14      9      7
 -6.323749E-01 -4.091605E-02  1.019706E-03      1      0      2     14      9      7
 -1.182528E+00  2.237242E-01  1.311992E-04      1      0      2     14      9      7
 -9.194215E-01  5.017032E-02  2.709160E-05      1      0      2     14      9      7
 -9.707213E-01  4.122978E-02  6.494033E-04      1      0      2     14      9      7
 -1.023535E+00  2.102634E-01  4.263681E-05      1      0      2     14      9      7
 -1.375551E+00  2.520131E-01  6.970424E-04      1      0      2     14      9      7
 -7.905839E-01  5.724271E-02  2.439378E-03      1      0      2     14      9      7
 -1.052524E+00  1.499321E-01  3.769205E-04      1      0      2     14      9      7
 -9.595413E-01  1.037022E-01  1.522184E-03      1      0      2     14      9      7
 -6.583250E-01 -6.345454E-02  6.633467E-04      1      0      2     14      9      7
 -1.820644E+00  3.878009E-01  1.250318E-03      1      0      2     14      9      7
 -1.318090E+00  2.859030E-01  1.874059E-03      1      0      2     14      9      7
 -5.905842E-01 -3.535744E-02  2.435627E-03      1      0      2     14      9      7
 -1.364813E+00  2.960797E-01  7.501238E-05      1      0      2     14      9      7
 -1.149675E+00  2.459764E-01  6.985926E-04      1      0      2     14      9      7
 -1.095966E+00  2.018000E-01  4.461538E-03      1      0      2     14      9      7
 -1.341439E+00  2.366626E-01  1.743627E-04      1      0      2     14      9      7
 -1.290407E+00  1.579726E-01  4.046572E-05      1      0      2     14      9      7
 -1.142759E+00  1.247438E-01  2.078417E-04      1      0      2     14      9      7
 -7.530454E-01  5.426727E-02  3.221555E-03      1      0      2     14      9      7
 -1.018817E+00  1.632284E-01  2.796837E-04      1      0      2     14      9      7
 -1.280972E+00  2.505813E-01  4.487958E-03      1      0      2     14      9      7
 -1.133321E+00  2.354885E-01  7.563912E-04      1      0      2     14      9      7
 -5.958227E-01 -1.370428E-02  1.616112E-03      1      0      2     14      9      7
 -1.445842E+00  3.771418E-01  1.870142E-03      1      0      2     14      9      7
 -1.053968E+00  1.327945E-01  1.509599E-04      1      0      2     14      9      7
 -1.763098E+00  3.784068E-01  1.310908E-04      1      0      2     14      9      7
 -7.860240E-01  8.776230E-02  7.112275E-03      1      0      2     14      9      7
 -1.522327E+00  3.906809E-01  1.223648E-05      1      0      2     14      9      7
 -9.247114E-01  8.742921E-02  1.110384E-03      1      0      2     14      9      7
 -1.031479E+00  2.031918E-01  6.766316E-03      1      0      2     14      9      7
 -1.029975E+00 -4.052444E-02  3.050701E-04      1      0      2     14      9      7
 -7.883839E-01  1.037761E-01  4.365110E-03      1      0      2     14      9      7
 -1.240398E+00  2.256947E-01  6.251254E-04      1      0      2     14      9      7
 -1.638419E+00  3.932968E-01  1.734876E-04      1      0      2     14      9      7
 -7.842814E-01  8.337662E-02  2.397623E-03      1      0      2     14      9      7
 -1.129039E+00  2.122204E-01  7.326800E-04      1      0      2     14      9      7
 -8.345540E-01  1.330280E-01  6.485449E-04      1      0      2     14      9      7
 -1.094706E+00  1.774050E-01  6.790486E-04      1      0      2     14      9      7
 -7.972188E-01  2.312519E-02  1.822303E-04      1      0      2     14      9      7
 -1.203129E+00  2.749722E-01  9.608659E-04      1      0      2     14      9      7
 -1.069071E+00  1.261189E-01  2.191098E-03      1      0      2     14      9      7
 -1.450808E+00  2.144416E-01  1.208396E-04      1      0      2     14      9      7
 -5.649722E-01  2.611156E-02  2.671906E-04      1      0      2     14      9      7
 -1.419281E+00  3.365464E-01  1.244900E-03      1      0      2     14      9      7
 -1.022566E+00  8.512971E-02  6.471864E-05      1      0      2     14      9      7
 -1.042525E+00  1.756470E-01  7.296630E-05      1      0      2     14      9      7
 -1.053455E+00  2.365561E-01  3.631938E-03      1      0      2     14      9      7
 -1.832504E+00  4.666901E-01  4.834583E-04      1      0      2     14      9      7
 -1.120715E+00  2.914943E-01  2.247188E-03      1      0      2     14      9      7
 -7.630450E-01  2.283802E-02  5.789698E-04      1      0      2     14      9      7
 -9.442839E-01 -9.756082E-03  1.308325E-04      1      0      2     14      9      7
 -1.504604E+00  3.281163E-01  6.722311E-04      1      0      2     14      9      7
 -7.409334E-01  2.900439E-02  2.416208E-03      1      0      2     14      9      7
 -8.602395E-01  2.518353E-02  1.789049E-04      1      0      2     14      9      7
 -7.629720E-01  9.725064E-02  6.351099E-05      1      0      2     14      9      7
 -9.174824E-01  1.573381E-01  5.564088E-04      1      0      2     14      9      7
 -1.082594E+00  5.083906E-02  3.148713E-04      1      0      2     14      9      7
 -6.636641E-01  6.669873E-02  2.761500E-04      1      0      2     14      9      7
 -7.321710E-01  1.717210E-02  1.696871E-04      1      0      2     14      9      7
 -6.021135E-01 -1.914183E-03  1.516933E-04      1      0      2     14      9      7
 -6.844390E-01 -6.801951E-03  5.020856E-04      1      0      2     14      9      7
 -9.475945E-01 -1.726398E-02  8.638542E-04      1      0      2     14      9      7
 -9.522217E-01  3.639890E-02  2.622900E-04      1      0      2     14      9      7
 -7.010370E-01 -6.352461E-02  2.276691E-03      1      0      2     14      9      7
 -1.074165E+00  7.076680E-02  3.422413E-04      1      0      2     14      9      7
 -1.122787E+00  1.007349E-01  2.697159E-05      1      0      2     14      9      7
 -1.053109E+00  1.113324E-01  1.966404E-04      1      0      2     14      9      7
 -7.041362E-01  1.289589E-01  4.138499E-03      1      0      2     14      9      7
 -9.066966E-01  1.396125E-01  2.400540E-03      1      0      2     14      9      7
 -7.704748E-01  2.391991E-01  4.050155E-04      1      0      2     14      9      7
 -1.234456E+00  1.030769E-01  9.807016E-05      1      0      2     14      9      7
 -1.897196E+00  3.805773E-01  2.248855E-03      1      0      2     14      9      7
 -7.049218E-01  7.266279E-02  3.895470E-04      1      0      2     14      9      7
 -1.215063E+00  2.729539E-01  2.739997E-04      1      0      2     14      9      7
 -1.142831E+00  1.019257E-01  7.936707E-05      1      0      2     14      9      7
 -6.631323E-01 -5.751014E-02  1.281238E-03      1      0      2     14      9      7
 -1.140686E+00  2.337817E-01  1.161557E-03      1      0      2     14      9      7
 -1.038012E+00  1.668554E-01  4.451787E-04      1      0      2     14      9      7
 -7.768469E-01  6.451629E-02  7.357638E-03      1      0      2     14      9      7
 -1.470646E+00  3.697209E-01  2.920519E-04      1      0      2     14      9      7
 -1.184328E+00  2.777041E-01  5.838788E-03      1      0      2     14      9      7
 -7.689676E-01  2.045557E-02  1.523100E-03      1      0      2     14      9      7
 -4.061744E+00  2.246786E-01  4.392113E-05      1      0      2     14      9      7
 -1.541504E+00  3.362371E-01  2.429960E-03      1      0      2     14      9      7
 -1.061071E+00  1.717386E-01  3.048618E-04      1      0      2     14      9      7
 -9.420144E-01  1.375209E-01  2.319280E-03      1      0      2     14      9      7
 -7.794922E-01  9.630736E-02  5.830787E-04      1      0      2     14      9      7
 -8.603356E-01  1.461209E-01  6.399772E-04      1      0      2     14      9      7
 -8.488753E-01  2.066149E-01  3.779873E-03      1      0      2     14      9      7
 -2.043377E+00  4.266494E-01  2.830258E-03      1      0      2     14      9      7
 -8.950297E-01  1.011967E-01  1.445341E-03      1      0      2     14      9      7
 -1.013417E+00  1.484426E-01  5.606926E-05      1      0      2     14      9      7
 -1.050582E+00  1.763858E-01  7.882451E-05      1      0      2     14      9      7
 -7.837074E-01  7.760592E-02  1.983989E-04      1      0      2     14      9      7
 -1.584774E+00  3.602359E-01  2.795921E-03      1      0      2     14      9      7
 -8.003800E-01  7.937903E-02  3.874467E-04      1      0      2     14      9      7
 -1.105335E+00  1.815203E-01  1.935567E-04      1      0      2     14      9      7
 -1.170472E+00  2.977630E-01  5.875042E-03      1      0      2     14      9      7
 -9.463857E-01  1.924725E-01  2.615232E-03      1      0      2     14      9      7
 -5.950629E-01  7.427923E-02  2.523388E-04      1      0      2     14      9      7
 -1.953898E+00  3.620491E-01  7.356721E-05      1      1      2     14      7      1
 -1.272419E+00  2.570575E-01  1.368582E-04      1      1      2     14      7      1
 -1.042703E+00  1.019216E-01  1.675786E-05      1      1      2     14      7      1
 -1.537687E+00  2.272696E-01  2.322530E-05      1      1      2     14      7      1
 -1.137581E+00  1.199833E-01  6.720228E-05      1      1      2     14      7      1
 -1.027147E+00  2.173669E-01  1.630697E-05      1      1      2     14      7      1
 -1.489088E+00  3.212227E-01  1.838722E-04      1      1      2     14      7      1
 -1.542685E+00  2.548812E-01  3.471086E-05      1      1      2     14      7      1
 -1.227020E+00  2.598336E-01  1.779298E-05      1      1      2     14      7      1
 -1.477474E+00  2.986473E-01  4.530963E-04      1      1      2     14      7      1
 -1.267140E+00  3.021779E-01  4.098411E-05      1      1      2     14      7      1
 -1.541168E+00  2.671800E-01  2.335865E-05      1      1      2     14      7      1
 -1.336075E+00  6.796613E-02  1.465010E-04      1      1      2     14      7      1
 -1.774406E+00  4.212953E-01  7.823027E-04      1      1      2     14      7      1
 -1.692191E+00  3.152238E-01  3.934308E-06      1      1      2     14      7      1
 -1.454898E+00  7.174549E-03  2.788170E-06      1      1      2     14      7      1
 -1.274336E+00  1.447220E-01  2.884931E-05      1      1      2     14      7      1
 -1.528012E+00  1.764564E-01  2.075917E-06      1      1      2     14      7      1
 -1.608272E+00  2.952398E-01  6.056564E-06      1      1      2     14      7      1
 -1.101001E+00  6.989117E-02  2.255105E-05      1      1      2     14      7      1
 -2.323490E+00  4.822910E-01  1.438757E-04      1      1      2     14      7      1
 -1.279184E+00  2.492789E-01  6.429942E-05      1      1      2     14      7      1
 -1.657880E+00  1.782968E-01  7.829611E-07      1      1      2     14      7      1
 -1.451078E+00  2.677732E-01  1.845056E-06      1      1      2     14      7      1
 -1.314875E+00  1.693682E-01  3.615436E-05      1      1      2     14      7      1
 -1.577730E+00  3.524778E-01  8.021134E-06      1      1      2     14      7      1
 -1.998483E+00  4.119323E-01  1.653783E-06      1      1      2     14      7      1
 -1.438009E+00  2.599019E-01  1.119635E-05      1      1      2     14      7      1
 -1.403266E+00  3.317476E-01  1.016039E-05      1      1      2     14      7      1
 -2.464861E+00  4.555944E-01  1.941234E-04      1      1      2     14      7      1
 -2.009124E+00  2.616638E-01  2.522054E-07      1      1      2     14      7      1
 -1.134992E+00  1.570717E-01  1.004871E-04      1      1      2     14      7      1
 -1.386251E+00  2.572397E-01  1.154973E-04      1      1      2     14      7      1
 -2.347285E+00  4.177110E-01  6.013059E-05      1      1      2     14      7      1
 -1.540660E+00  1.785701E-01  6.439277E-06      1      1      2     14      7      1
 -1.296273E+00  2.600515E-01  1.393168E-05      1      1      2     14      7      1
 -1.364336E+00  1.387639E-01  2.611982E-04      1      1      2     14      7      1
 -1.444383E+00  2.158979E-01  8.909408E-05      1      1      2     14      7      1
 -1.377920E+00  3.005205E-01  1.481929E-04      1      1      2     14      7      1
 -1.363000E+00  2.633794E-01  3.510424E-05      1      1      2     14      7      1
 -1.038746E+00  1.219666E-01  1.057628E-05      1      1      2     14      7      1
 -1.973660E+00  4.117811E-01  2.010659E-06      1      1      2     14      7      1
 -1.308905E+00  2.700036E-01  1.904897E-04      1      1      2     14      7      1
 -1.292587E+00  3.055079E-01  1.682286E-04      1      1      2     14      7      1
 -1.675402E+00  4.096474E-01  1.805718E-05      1      1      2     14      7      1
 -1.261592E+00  2.475626E-01  9.859523E-05      1      1      2     14      7      1
 -1.572364E+00  1.691090E-01  1.046043E-06      1      1      2     14      7      1
 -1.549842E+00 -5.823242E-02  1.433840E-06      1      1      2     14      7      1
 -1.201076E+00  1.827452E-01  9.434472E-05      1      1      2     14      7      1
 -1.122634E+00  2.515249E-01  1.582441E-05      1      1      2     14      7      1
 -1.507063E+00  2.582591E-01  4.446370E-05      1      1      2     14      7      1
 -1.545132E+00  3.005518E-01  6.270173E-05      1      1      2     14      7      1
 -1.832549E+00  3.729133E-01  1.736793E-04      1      1      2     14      7      1
 -2.025590E+00  4.549381E-01  1.871392E-05      1      1      2     14      7      1
 -1.181633E+00  5.695516E-03  8.960248E-05      1      1      2     14      7      1
 -1.272869E+00  9.931543E-02  8.616873E-06      1      1      2     14      7      1
 -1.242928E+00  1.455318E-01  2.610732E-04      1      1      2     14      7      1
 -1.660234E+00  3.715075E-01  8.882739E-06      1      1      2     14      7      1
 -3.989429E+00  2.674788E-01  1.070796E-06      1      1      2     14      7      1
 -1.444631E+00  2.588346E-01  1.042542E-05      1      1      2     14      7      1
 -1.132543E+00  1.648530E-01  8.526862E-06      1      1      2     14      7      1
 -1.075446E+00  1.005336E-01  1.387001E-04      1      1      2     14      7      1
 -1.368501E+00  7.646998E-02  8.117646E-05      1      1      2     14      7      1
 -1.588622E+00  3.550487E-01  4.223843E-05      1      1      2     14      7      1
 -1.403067E+00  3.472752E-01  2.062749E-05      1      1      2     14      7      1
 -1.317074E+00  2.118631E-01  2.397873E-05      1      1      2     14      7      1
 -1.389089E+00  2.799828E-01  2.854261E-05      1      1      2     14      7      1
 -1.459400E+00  3.382690E-01  3.398993E-05      1      1      2     14      7      1
 -1.281847E+00  1.995429E-01  2.824007E-05      1      1      2     14      7      1
 -1.621644E+00  3.888185E-01  2.854261E-04      1      1      2     14      7      1
 -1.847711E+00  2.723486E-01  2.914935E-07      1      1      2     14      7      1
 -1.435929E+00  2.744171E-01  2.315029E-04      1      1      2     14      7      1
 -1.276099E+00  1.816012E-01  2.780919E-05      1      1      2     14      7      1
 -2.041039E+00  3.197711E-01  1.966821E-04      1      1      2     14      7      1
 -1.665606E+00  3.077593E-01  7.649923E-06      1      1      2     14      7      1
 -1.546036E+00  2.231176E-01  9.292788E-05      1      1      2     14      7      1
 -1.286439E+00  2.869825E-01  4.338690E-05      1      1      2     14      7      1
 -1.201239E+00  1.489826E-01  1.986073E-04      1      1      2     14      7      1
 -1.585259E+00  2.625718E-01  7.654507E-07      1      1      2     14      7      1
 -1.516685E+00  2.126609E-01  2.094086E-06      1      1      2     14      7      1
 -1.473575E+00  2.003540E-01  2.410124E-06      1      1      2     14      7      1
 -1.908671E+00  3.759222E-01  5.414153E-07      1      1      2     14      7      1
 -1.796413E+00  4.067201E-01  7.288046E-05      1      1      2     14      7      1
 -1.320121E+00  3.194862E-01  3.069037E-05      1      1      2     14      7      1
 -1.727224E+00  2.797835E-01  9.265284E-05      1      1      2     14      7      1
 -1.655285E+00  3.916951E-01  4.063323E-04      1      1      2     14      7      1
 -1.171158E+00  1.842327E-01  6.161243E-05      1      1      2     14      7      1
 -1.096111E+00  2.304184E-01  2.084502E-04      1      1      2     14      7      1
 -1.267280E+00  2.024492E-01  2.488717E-05      1      1      2     14      7      1
