 -1.441803E+00  1.365208E-01  2.621979E-06      0      1      0      2      7      1
 -9.618610E-01  5.941025E-02  6.519698E-04      1      0      2     14      9      7
 -6.559034E-01 -3.603314E-02  1.968170E-03      1      0      2     14      9      7
 -5.336454E-01  9.086324E-02  3.006852E-03      1      0      2     14      9      7
 -1.106161E+00  8.947153E-02  1.035771E-03      1      0      2     14      9      7
 -1.070566E+00  1.160642E-01  2.152549E-04      1      0      2     14      9      7
 -6.123018E-01  3.076217E-02  1.749004E-03      1      0      2     14      9      7
 -1.191458E+00  2.070203E-01  1.776408E-04      1      0      2     14      9      7
 -9.331810E-01  1.858058E-01  1.238395E-03      1      0      2     14      9      7
 -9.791261E-01  2.545488E-01  2.061247E-04      1      0      2     14      9      7
 -1.567878E+00  3.763537E-01  2.712145E-05      1      0      2     14      9      7
 -1.951095E+00  4.525143E-01  3.010615E-03      1      0      2     14      9      7
 -9.035823E-01  6.949238E-02  7.706692E-04      1      0      2     14      9      7
 -6.087052E-01  3.466125E-02  3.276498E-04      1      0      2     14      9      7
 -1.131007E+00  7.269700E-02  1.736366E-04      1      0      2     14      9      7
 -6.256145E-01 -1.375929E-02  1.439032E-03      1      0      2     14      9      7
 -9.381681E-01 -2.820713E-02  3.986394E-04      1      0      2     14      9      7
 -1.056529E+00  2.343537E-01  1.936790E-04      1      0      2     14      9      7
 -6.840239E-01  3.301163E-02  1.082345E-03      1      0      2     14      9      7
 -8.377105E-01  4.082333E-02  1.514502E-04      1      0      2     14      9      7
 -8.713256E-01  8.076561E-02  8.529544E-05      1      0      2     14      9      7
 -1.597671E+00  3.678868E-01  3.657466E-03      1      0      2     14      9      7
 -7.996423E-01  6.893081E-02  2.482116E-04      1      0      2     14      9      7
 -7.360345E-01  4.333601E-02  1.866432E-03      1      0      2     14      9      7
 -9.322740E-01  1.196877E-01  3.086014E-04      1      0      2     14      9      7
 -1.256136E+00  2.554375E-02  1.846482E-04      1      0      2     14      9      7
 -6.616879E-01  6.348603E-03  8.302354E-04      1      0      2     14      9      7
 -1.026706E+00  2.971053E-01  2.912001E-03      1      0      2     14      9      7
 -9.690832E-01  1.941812E-01  3.227226E-04      1      0      2     14      9      7
 -8.768603E-01  8.610664E-02  1.672114E-03      1      0      2     14      9      7
 -9.597412E-01  2.097974E-01  1.786845E-03      1      0      2     14      9      7
 -8.641655E-01  1.233560E-01  1.882761E-04      1      0      2     14      9      7
 -6.466955E-01  7.575766E-02  9.607273E-04      1      0      2     14      9      7
 -9.424386E-01  4.668487E-02  2.884880E-04      1      0      2     14      9      7
 -4.512638E-01 -4.679557E-02  2.740757E-03      1      0      2     14      9      7
 -8.418391E-01  1.156490E-01  6.066597E-03      1      0      2     14      9      7
 -6.150189E-01 -3.844319E-02  2.691840E-03      1      0      2     14      9      7
 -7.344092E-01  7.049634E-04  1.652235E-03      1      0      2     14      9      7
 -1.005245E+00  2.340528E-01  1.893624E-03      1      0      2     14      9      7
 -1.051807E+00  1.717073E-01  1.229734E-04      1      0      2     14      9      7
 -6.440177E-01  3.716053E-02  1.236691E-03      1      0      2     14      9      7
 -1.010134E+00  1.727484E-01  2.386625E-03      1      0      2     14      9      7
 -6.584979E-01  9.148447E-03  4.174677E-04      1      0      2     14      9      7
 -7.205800E-01  3.278760E-02  2.391950E-03      1      0      2     14      9      7
 -1.173724E+00  2.489866E-01  5.026992E-04      1      0      2     14      9      7
 -8.593340E-01  1.571119E-01  3.075719E-03      1      0      2     14      9      7
 -1.236157E+00  1.572228E-01  2.050030E-04      1      0      2     14      9      7
 -8.875048E-01  9.314349E-02  1.608004E-03      1      0      2     14      9      7
 -6.490655E-01 -1.190580E-02  8.673667E-04      1      0      2     14      9      7
 -1.305468E+00  1.988549E-01  3.063863E-03      1      0      2     14      9      7
 -5.432708E-01 -9.426467E-02  1.830153E-03      1      0      2     14      9      7
 -8.603399E-01  7.725393E-02  2.549349E-03      1      0      2     14      9      7
 -1.473271E+00  2.827444E-01  1.044716E-04      1      0      2     14      9      7
 -5.676247E-01  1.017547E-01  9.013031E-04      1      0      2     14      9      7
 -7.352007E-01  3.831626E-02  2.127629E-03      1      0      2     14      9      7
 -8.623214E-01  1.690664E-01  1.516560E-03      1      0      2     14      9      7
 -7.251100E-01 -1.963023E-02  1.664944E-03      1      0      2     14      9      7
 -6.271785E-01 -4.775640E-02  7.539849E-04      1      0      2     14      9      7
 -5.548338E-01 -2.843638E-03  4.519437E-04      1      0      2     14      9      7
 -1.338828E+00  3.537913E-01  8.795781E-05      1      0      2     14      9      7
 -1.418518E+00  2.957929E-01  4.993979E-04      1      0      2     14      9      7
 -1.044329E+00  4.308577E-02  2.848814E-05      1      0      2     14      9      7
 -8.626327E-01  4.677831E-03  5.057024E-04      1      0      2     14      9      7
 -9.135902E-01  9.044576E-02  2.572068E-04      1      0      2     14      9      7
 -1.367118E+00  2.433330E-01  1.576411E-03      1      0      2     14      9      7
 -5.188838E-01 -3.075371E-02  1.635480E-03      1      0      2     14      9      7
 -6.336412E-01  2.055640E-01  1.096260E-03      1      0      2     14      9      7
 -6.756833E-01  1.048787E-01  1.331685E-03      1      0      2     14      9      7
 -1.090774E+00  9.808365E-02  3.562188E-05      1      0      2     14      9      7
 -6.151100E-01  7.131497E-02  3.381005E-03      1      0      2     14      9      7
 -1.141891E+00  1.406695E-01  1.658625E-03      1      0      2     14      9      7
 -6.340991E-01 -1.977240E-03  1.227675E-03      1      0      2     14      9      7
 -1.261477E+00  2.566966E-01  2.607993E-03      1      0      2     14      9      7
 -9.181029E-01  3.303205E-02  3.154170E-04      1      0      2     14      9      7
 -9.857765E-01  2.202093E-01  2.971709E-03      1      0      2     14      9      7
 -1.286110E+00  2.977936E-01  3.912415E-04      1      0      2     14      9      7
 -1.102897E+00  1.729882E-01  1.800831E-04      1      0      2     14      9      7
 -9.543338E-01  1.432678E-01  2.543812E-03      1      0      2     14      9      7
 -9.855916E-01  4.998811E-02  3.450085E-04      1      0      2     14      9      7
 -1.572027E+00  2.037887E-01  3.086724E-04      1      0      2     14      9      7
 -8.270690E-01  1.591530E-01  1.196436E-03      1      0      2     14      9      7
 -7.463110E-01  4.390613E-02  5.346761E-03      1      0      2     14      9      7
 -9.224741E-01  1.557855E-02  4.413510E-05      1      0      2     14      9      7
 -1.326961E+00  2.089970E-01  2.514348E-04      1      0      2     14      9      7
 -1.093590E+00  1.922608E-01  6.488743E-04      1      0      2     14      9      7
 -1.084119E+00  1.859506E-01  6.426763E-04      1      0      2     14      9      7
 -7.078880E-01  9.278371E-02  3.196626E-04      1      0      2     14      9      7
 -1.053395E+00  1.170744E-01  2.560496E-04      1      0      2     14      9      7
 -1.158149E+00  1.327319E-01  2.092131E-05      1      0      2     14      9      7
 -7.010715E-01  8.948070E-02  2.589960E-03      1      0      2     14      9      7
 -7.658867E-01  2.540303E-01  2.898937E-03      1      0      2     14      9      7
 -1.194532E+00  2.500093E-01  5.249425E-04      1      0      2     14      9      7
 -6.876892E-01  6.336966E-02  3.379514E-03      1      0      2     14      9      7
 -2.407665E+00  3.788847E-01  1.332466E-04      1      0      2     14      9      7
 -6.600110E-01  4.682392E-02  3.561407E-04      1      0      2     14      9      7
 -5.141032E-01  3.675450E-02  3.397334E-03      1      0      2     14      9      7
 -6.537035E-01 -1.185183E-01  1.967248E-03      1      0      2     14      9      7
 -1.037742E+00  2.050404E-01  1.954681E-03      1      0      2     14      9      7
 -1.530172E+00  2.698914E-01  3.925195E-04      1      0      2     14      9      7
 -8.660472E-01  1.006804E-01  5.753999E-05      1      0      2     14      9      7
 -6.211260E-01  1.097979E-02  1.753973E-03      1      0      2     14      9      7
 -1.215291E+00  2.156491E-01  7.647054E-04      1      0      2     14      9      7
 -8.339286E-01  1.221051E-01  4.805838E-03      1      0      2     14      9      7
 -1.134370E+00  1.377309E-01  5.702313E-04      1      0      2     14      9      7
 -1.108419E+00  1.687491E-01  3.225735E-04      1      0      2     14      9      7
 -9.122744E-01  1.054532E-01  3.670032E-04      1      0      2     14      9      7
 -1.240550E+00  2.827514E-01  5.723967E-04      1      0      2     14      9      7
 -9.121173E-01 -3.401120E-02  2.807068E-04      1      0      2     14      9      7
 -8.498622E-01  1.335471E-01  2.809907E-04      1      0      2     14      9      7
 -1.027855E+00  7.548590E-02  3.933572E-04      1      0      2     14      9      7
 -9.034902E-01  1.820827E-01  2.343530E-04      1      0      2     14      9      7
 -1.237868E+00  2.830684E-01  1.044716E-03      1      0      2     14      9      7
 -7.007506E-01  5.473674E-02  6.539932E-04      1      0      2     14      9      7
 -7.279549E-01 -1.322645E-02  5.586233E-04      1      0      2     14      9      7
 -8.957494E-01  7.207280E-02  1.331330E-03      1      0      2     14      9      7
 -9.750731E-01  1.469327E-01  2.349210E-04      1      0      2     14      9      7
 -1.261065E+00  2.838809E-01  1.032860E-03      1      0      2     14      9      7
 -5.649462E-01 -4.330758E-02  2.311014E-03      1      0      2     14      9      7
 -1.446685E+00  3.449018E-01  4.180144E-05      1      0      2     14      9      7
 -9.017334E-01  1.899178E-01  3.719020E-04      1      0      2     14      9      7
 -5.306650E-01  5.057979E-03  4.420183E-04      1      0      2     14      9      7
 -1.065888E+00  1.232991E-01  2.120174E-05      1      0      2     14      9      7
 -9.665872E-01  2.121923E-01  1.197572E-03      1      0      2     14      9      7
 -9.381901E-01  1.887793E-01  3.258322E-04      1      0      2     14      9      7
 -7.100348E-01  2.373658E-02  1.210849E-03      1      0      2     14      9      7
 -6.588422E-01  2.573974E-02  2.167174E-03      1      0      2     14      9      7
 -1.235719E+00  1.929657E-01  4.694160E-04      1      0      2     14      9      7
 -1.002942E+00  1.381021E-01  2.098449E-04      1      0      2     14      9      7
 -1.245555E+00  2.313258E-01  1.596361E-04      1      0      2     14      9      7
 -8.233287E-01 -3.265610E-02  8.056705E-04      1      0      2     14      9      7
 -1.652884E+00  2.898871E-01  1.526358E-04      1      0      2     14      9      7
 -6.654296E-01 -2.107416E-02  8.848319E-04      1      0      2     14      9      7
 -1.102600E+00  1.242293E-01  6.009516E-04      1      0      2     14      9      7
 -1.159496E+00  2.100630E-01  3.739396E-04      1      0      2     14      9      7
 -8.895305E-01  9.304749E-02  2.909161E-04      1      0      2     14      9      7
 -7.045521E-01 -1.602621E-02  5.495216E-04      1      0      2     14      9      7
 -8.132970E-01  8.962479E-02  3.891755E-04      1      0      2     14      9      7
 -1.040065E+00  2.960326E-01  4.697852E-05      1      0      2     14      9      7
 -1.025907E+00  1.147135E-01  2.285881E-04      1      0      2     14      9      7
 -1.047590E+00  2.229411E-01  6.323108E-03      1      0      2     14      9      7
 -6.524613E-01  1.889093E-01  6.767121E-03      1      0      2     14      9      7
 -9.618076E-01  2.885977E-01  1.440097E-03      1      0      2     14      9      7
 -1.000441E+00  2.586421E-01  7.470273E-04      1      0      2     14      9      7
 -7.350403E-01  1.025451E-01  2.553183E-03      1      0      2     14      9      7
 -9.522936E-01  3.899409E-02  1.891707E-05      1      0      2     14      9      7
 -1.230898E+00  2.907450E-01  2.211973E-04      1      0      2     14      9      7
 -9.720520E-01  1.457635E-01  7.395016E-04      1      0      2     14      9      7
 -8.762068E-01  8.222132E-02  1.431719E-03      1      0      2     14      9      7
 -8.649041E-01  1.357118E-01  4.294874E-05      1      0      2     14      9      7
 -7.168976E-01 -3.927665E-02  6.152858E-04      1      0      2     14      9      7
 -1.408627E+00  2.837974E-01  2.595994E-04      1      0      2     14      9      7
 -1.005292E+00  2.367781E-02  4.214506E-05      1      0      2     14      9      7
 -7.443819E-01  9.980231E-02  3.795696E-04      1      0      2     14      9      7
 -6.955164E-01 -9.852928E-02  2.057697E-04      1      0      2     14      9      7
 -1.657900E+00  3.520905E-01  4.431898E-04      1      0      2     14      9      7
 -1.309776E+00  2.511952E-01  5.577714E-05      1      0      2     14      9      7
 -6.254324E-01  1.749171E-01  2.535363E-04      1      0      2     14      9      7
 -3.957559E+00  2.425072E-01  1.007869E-03      1      0      2     14      9      7
 -4.967636E-01  6.601135E-02  1.310883E-04      1      0      2     14      9      7
 -8.668142E-01  9.552607E-02  6.123607E-04      1      0      2     14      9      7
 -9.010353E-01  6.526236E-02  1.621565E-04      1      0      2     14      9      7
 -1.211626E+00  2.643949E-01  3.039227E-03      1      0      2     14      9      7
 -9.336340E-01  5.028728E-02  7.444714E-04      1      0      2     14      9      7
 -7.729672E-01 -5.881228E-02  5.905150E-04      1      0      2     14      9      7
 -6.072959E-01  1.684526E-02  2.182865E-04      1      0      2     14      9      7
 -1.087560E+00  2.174820E-01  2.095964E-04      1      0      2     14      9      7
 -9.995388E-01  1.528605E-01  1.736295E-03      1      0      2     14      9      7
 -8.357524E-01  9.411501E-02  2.658826E-03      1      0      2     14      9      7
 -1.607029E+00  3.246771E-01  3.032695E-04      1      0      2     14      9      7
 -8.010695E-01  1.057075E-01  1.142337E-03      1      0      2     14      9      7
 -6.852414E-01  4.382322E-02  3.340750E-03      1      0      2     14      9      7
 -8.545533E-01  4.170833E-02  5.895424E-04      1      0      2     14      9      7
 -1.185939E+00  2.208640E-01  1.820426E-03      1      0      2     14      9      7
 -6.307651E-01  1.350495E-01  2.326136E-03      1      0      2     14      9      7
 -8.086971E-01  8.185017E-02  5.281444E-04      1      0      2     14      9      7
 -6.387467E-01  1.398604E-02  1.021571E-03      1      0      2     14      9      7
 -7.908685E-01  2.701725E-02  1.780810E-03      1      0      2     14      9      7
 -1.058228E+00  1.826001E-01  2.697307E-04      1      0      2     14      9      7
 -8.076794E-01  6.355432E-02  2.388755E-03      1      0      2     14      9      7
 -1.102614E+00  2.601170E-01  2.373917E-03      1      0      2     14      9      7
 -5.586049E-01  3.018096E-03  1.341128E-03      1      0      2     14      9      7
 -1.120637E+00  1.525054E-01  7.089020E-06      1      0      2     14      9      7
 -1.104419E+00  1.999764E-01  1.098603E-03      1      0      2     14      9      7
 -1.098784E+00  2.560237E-01  4.397677E-05      1      0      2     14      9      7
 -9.709204E-01  1.365250E-01  1.331117E-03      1      0      2     14      9      7
 -8.072972E-01  1.541615E-01  1.746803E-04      1      0      2     14      9      7
 -9.433013E-01  9.611622E-02  5.279173E-05      1      0      2     14      9      7
 -5.808162E-01 -4.698894E-02  3.419769E-04      1      0      2     14      9      7
 -1.324147E+00  3.357679E-01  6.822996E-04      1      0      2     14      9      7
 -6.944901E-01 -4.729153E-02  2.654283E-03      1      0      2     14      9      7
 -8.453490E-01  1.971802E-01  5.097066E-03      1      0      2     14      9      7
 -1.713315E+00  3.570329E-01  5.524963E-05      1      0      2     14      9      7
 -1.122886E+00  1.177871E-01  7.618656E-04      1      0      2     14      9      7
 -1.132925E+00  2.544190E-01  7.718051E-05      1      0      2     14      9      7
 -6.479709E-01 -6.240184E-03  3.346429E-03      1      0      2     14      9      7
 -1.008742E+00  2.382679E-01  2.311014E-03      1      0      2     14      9      7
 -1.569406E+00  3.736637E-01  1.267930E-04      1      0      2     14      9      7
 -8.370339E-01  4.054975E-02  2.455705E-03      1      0      2     14      9      7
 -6.433909E-01 -5.320249E-02  2.363693E-03      1      0      2     14      9      7
 -9.755658E-01  1.605361E-01  9.684660E-04      1      0      2     14      9      7
 -6.630707E-01  1.566628E-02  2.807990E-04      1      0      2     14      9      7
 -6.828935E-01  2.232513E-01  1.867000E-03      1      0      2     14      9      7
 -1.612037E+00  3.612937E-01  3.251365E-04      1      0      2     14      9      7
 -1.933510E+00  4.228606E-01  7.216105E-05      1      0      2     14      9      7
 -5.425331E-01  1.754267E-01  2.927975E-03      1      0      2     14      9      7
 -1.287868E+00  2.430863E-01  1.897458E-04      1      0      2     14      9      7
 -1.258621E+00  2.313670E-01  8.901566E-05      1      0      2     14      9      7
 -1.082016E+00  1.117927E-01  2.239165E-04      1      0      2     14      9      7
 -8.754616E-01  2.029331E-01  2.219925E-04      1      0      2     14      9      7
 -7.412149E-01  5.560463E-02  5.912392E-04      1      0      2     14      9      7
 -1.368583E+00  3.219757E-01  2.866847E-03      1      0      2     14      9      7
 -9.139815E-01  7.749008E-02  1.774349E-04      1      0      2     14      9      7
 -9.972434E-01  6.370416E-02  1.490434E-04      1      0      2     14      9      7
 -3.549241E-01  1.578842E-02  2.404303E-03      1      0      2     14      9      7
 -8.247334E-01 -2.342976E-02  4.565230E-04      1      0      2     14      9      7
 -9.985457E-01  2.005005E-01  1.312658E-03      1      0      2     14      9      7
 -1.151541E+00  1.363022E-01  1.528701E-05      1      0      2     14      9      7
 -1.622649E+00  2.843508E-01  1.018945E-03      1      0      2     14      9      7
 -6.273521E-01  5.108619E-03  1.898381E-03      1      0      2     14      9      7
 -5.467402E-01  4.467810E-02  1.885601E-03      1      0      2     14      9      7
 -8.218515E-01  1.432495E-01  6.378486E-04      1      0      2     14      9      7
 -8.861746E-01  9.391025E-02  1.191751E-03      1      0      2     14      9      7
 -5.907878E-01 -6.864368E-02  1.201406E-03      1      0      2     14      9      7
 -1.241123E+00  2.121811E-01  4.049510E-04      1      0      2     14      9      7
 -8.934870E-01 -8.182744E-02  8.178110E-04      1      0      2     14      9      7
 -1.198624E+00  4.155535E-02  2.795637E-05      1      0      2     14      9      7
 -6.414011E-01  1.158001E-01  3.398541E-03      1      0      2     14      9      7
 -4.818884E-01 -2.041892E-03  1.778822E-03      1      0      2     14      9      7
 -5.671135E-01 -1.223055E-02  1.055650E-04      1      0      2     14      9      7
 -9.242650E-01  5.873787E-02  2.567383E-04      1      0      2     14      9      7
 -1.554744E+00  2.553546E-01  2.311936E-03      1      0      2     14      9      7
 -1.379241E+00  3.035819E-01  5.370545E-04      1      0      2     14      9      7
 -7.718823E-01  6.279630E-02  2.000971E-04      1      0      2     14      9      7
 -7.101913E-01  7.490307E-02  1.383797E-03      1      0      2     14      9      7
 -1.593610E+00  3.046707E-01  2.793862E-03      1      0      2     14      9      7
 -1.169580E+00  2.672423E-01  2.248820E-03      1      0      2     14      9      7
 -6.684388E-01  1.669418E-01  2.590315E-03      1      0      2     14      9      7
 -9.056909E-01  4.608902E-02  1.707116E-03      1      0      2     14      9      7
 -6.095770E-01 -3.491851E-03  5.715305E-04      1      0      2     14      9      7
 -1.202072E+00  1.921957E-01  2.974620E-04      1      0      2     14      9      7
 -1.515164E+00  3.198445E-01  2.714133E-03      1      0      2     14      9      7
 -1.044295E+00  1.366181E-01  8.894467E-05      1      0      2     14      9      7
 -1.072988E+00  1.679213E-01  9.057759E-04      1      0      2     14      9      7
 -6.599287E-01 -2.052037E-02  4.472437E-04      1      0      2     14      9      7
 -8.360761E-01  3.376668E-02  6.433508E-04      1      0      2     14      9      7
 -6.763517E-01  1.267161E-02  2.662376E-04      1      0      2     14      9      7
 -1.372745E+00  2.896363E-01  2.680551E-04      1      0      2     14      9      7
 -8.412150E-01  1.134215E-01  9.982846E-05      1      0      2     14      9      7
 -7.335535E-01  2.596966E-03  1.146952E-03      1      0      2     14      9      7
 -1.024953E+00  1.285494E-01  5.528442E-04      1      0      2     14      9      7
 -9.318597E-01  1.362050E-02  4.560970E-05      1      0      2     14      9      7
 -1.082240E+00  1.259191E-01  4.142586E-05      1      0      2     14      9      7
 -6.675074E-01  3.324325E-04  5.070371E-03      1      0      2     14      9      7
 -1.010972E+00  1.978813E-01  1.307049E-04      1      0      2     14      9      7
 -1.985443E+00  3.600606E-01  6.558675E-04      1      0      2     14      9      7
 -1.840711E+00  4.622523E-01  3.046965E-03      1      0      2     14      9      7
 -1.548033E+00  2.649750E-01  1.674173E-04      1      0      2     14      9      7
 -6.565650E-01  7.017861E-03  9.338906E-04      1      0      2     14      9      7
 -7.118102E-01  3.873459E-02  9.758496E-04      1      0      2     14      9      7
 -1.430866E+00  2.672660E-01  1.562069E-04      1      0      2     14      9      7
 -5.121821E-01  5.710427E-02  5.521271E-04      1      0      2     14      9      7
 -1.278066E+00  2.126466E-01  4.008758E-04      1      0      2     14      9      7
 -6.173262E-01 -6.445641E-02  2.479631E-04      1      0      2     14      9      7
 -7.321509E-01  1.478589E-01  1.698667E-03      1      0      2     14      9      7
 -1.331881E+00  2.280784E-01  2.510372E-04      1      0      2     14      9      7
 -1.021243E+00  1.470494E-01  3.165388E-03      1      0      2     14      9      7
 -4.778409E-01 -8.891855E-02  1.306410E-03      1      0      2     14      9      7
 -1.423897E+00  2.627063E-01  9.669750E-04      1      0      2     14      9      7
 -7.732083E-01  4.580166E-02  1.499024E-03      1      0      2     14      9      7
 -1.361200E+00  3.521889E-01  5.176298E-04      1      0      2     14      9      7
 -4.671861E-01 -2.294446E-02  1.396079E-03      1      0      2     14      9      7
 -1.547410E+00  3.326784E-01  6.213134E-05      1      0      2     14      9      7
 -1.583904E+00  3.235167E-01  5.814559E-05      1      0      2     14      9      7
 -1.050691E+00  1.593187E-01  3.099290E-04      1      0      2     14      9      7
 -9.027893E-01  7.588185E-02  5.956197E-04      1      0      2     14      9      7
 -9.673819E-01  5.562577E-02  9.135855E-04      1      0      2     14      9      7
 -4.391267E-01 -1.290288E-02  1.007514E-03      1      0      2     14      9      7
 -1.147848E+00  2.280086E-01  1.256926E-04      1      0      2     14      9      7
 -1.150409E+00  1.132097E-01  4.351175E-04      1      0      2     14      9      7
 -3.948522E+00  3.257431E-01  1.197146E-04      1      0      2     14      9      7
 -8.650281E-01  1.545819E-01  2.596420E-03      1      0      2     14      9      7
 -9.624974E-01  6.103027E-02  8.754603E-05      1      0      2     14      9      7
 -4.115899E+00  3.648585E-01  5.278250E-04      1      0      2     14      9      7
 -8.214081E-01  1.683829E-01  6.704502E-03      1      0      2     14      9      7
 -8.209616E-01  2.296503E-01  2.290282E-03      1      0      2     14      9      7
 -7.913019E-01  8.944819E-02  1.206305E-03      1      0      2     14      9      7
 -8.844345E-01  2.022478E-02  1.010354E-03      1      0      2     14      9      7
 -8.231550E-01  6.758857E-02  9.628572E-04      1      0      2     14      9      7
 -9.754873E-01  1.994821E-02  2.014815E-05      1      0      2     14      9      7
 -1.004961E+00  2.051887E-01  8.100723E-04      1      0      2     14      9      7
 -7.510972E-01  9.441910E-02  1.185574E-03      1      0      2     14      9      7
 -9.041477E-01 -9.638123E-02  1.958586E-04      1      0      2     14      9      7
 -1.300850E+00  1.859552E-01  1.638888E-03      1      0      2     14      9      7
 -1.424450E+00  2.147931E-01  4.405132E-04      1      0      2     14      9      7
 -9.878399E-01 -4.608070E-02  1.992593E-05      1      0      2     14      9      7
 -4.196587E-01  2.488932E-02  3.395133E-04      1      0      2     14      9      7
 -6.275294E-01 -4.284708E-03  5.202070E-04      1      0      2     14      9      7
 -6.882607E-01  4.181283E-02  8.621839E-04      1      0      2     14      9      7
 -9.609662E-01  4.402146E-02  3.037665E-04      1      0      2     14      9      7
 -1.178222E+00  2.704917E-01  4.718796E-04      1      0      2     14      9      7
 -9.291955E-01 -9.153255E-02  2.677214E-04      1      0      2     14      9      7
 -9.639303E-01  2.415389E-01  2.634759E-04      1      0      2     14      9      7
 -9.987361E-01  1.123740E-01  1.207370E-03      1      0      2     14      9      7
 -7.333049E-01  1.456086E-01  2.506822E-03      1      0      2     14      9      7
 -9.490323E-01  2.734745E-01  2.517401E-03      1      0      2     14      9      7
 -7.846183E-01  1.517439E-01  1.855641E-03      1      0      2     14      9      7
 -2.793003E+00  5.066383E-01  9.754946E-04      1      0      2     14      9      7
 -1.146502E+00  2.200115E-01  6.145332E-04      1      0      2     14      9      7
 -5.460221E-01 -9.822352E-02  2.523862E-03      1      0      2     14      9      7
 -7.088143E-01  4.581940E-02  6.420586E-04      1      0      2     14      9      7
 -1.019686E+00  2.182906E-01  1.827810E-03      1      0      2     14      9      7
 -1.092742E+00  2.427765E-01  1.921668E-04      1      0      2     14      9      7
 -1.260266E+00  3.485013E-01  9.858601E-05      1      0      2     14      9      7
 -1.829116E+00  3.269589E-01  2.921017E-04      1      0      2     14      9      7
 -7.923924E-01  9.897372E-02  4.234598E-04      1      0      2     14      9      7
 -1.354797E+00  1.904502E-01  6.243237E-04      1      0      2     14      9      7
 -9.551711E-01  8.199108E-02  1.926282E-04      1      0      2     14      9      7
 -7.600368E-01  6.177885E-02  5.928224E-04      1      0      2     14      9      7
 -1.078659E+00  1.388996E-01  3.645964E-04      1      0      2     14      9      7
 -1.076976E+00  1.899019E-01  1.205524E-04      1      0      2     14      9      7
 -7.237504E-01  7.411843E-02  2.070690E-04      1      0      2     14      9      7
 -1.096910E+00  2.142360E-01  3.147568E-03      1      0      2     14      9      7
 -8.488799E-01 -3.261523E-03  8.284605E-04      1      0      2     14      9      7
 -9.967890E-01  2.008635E-01  7.291361E-05      1      0      2     14      9      7
 -9.473703E-01  1.051507E-01  1.719682E-03      1      0      2     14      9      7
 -7.962604E-01  1.368513E-01  4.401085E-04      1      0      2     14      9      7
 -1.305883E+00  1.333427E-01  1.326431E-04      1      0      2     14      9      7
 -6.485844E-01  8.696229E-02  7.144398E-04      1      0      2     14      9      7
 -8.153415E-01  1.921660E-01  1.588409E-03      1      0      2     14      9      7
 -8.065713E-01  1.366514E-01  2.386554E-03      1      0      2     14      9      7
 -6.540488E-01  3.466710E-02  2.818285E-03      1      0      2     14      9      7
 -8.773951E-01  1.916759E-02  4.002794E-04      1      0      2     14      9      7
 -1.961454E+00  3.445557E-01  6.119418E-03      1      0      2     14      9      7
 -8.371960E-01  1.500868E-01  2.062667E-03      1      0      2     14      9      7
 -6.228711E-01 -9.392118E-03  2.351553E-03      1      0      2     14      9      7
 -6.556685E-01  1.666706E-01  1.218587E-03      1      0      2     14      9      7
 -5.413629E-01 -2.091062E-02  1.202755E-04      1      0      2     14      9      7
 -9.681622E-01  1.611710E-01  5.094794E-04      1      0      2     14      9      7
 -8.681964E-01  5.560868E-02  2.929466E-04      1      0      2     14      9      7
 -8.836092E-01  1.339988E-01  1.516915E-03      1      0      2     14      9      7
 -1.111541E+00  2.505283E-01  1.370378E-03      1      0      2     14      9      7
 -7.969096E-01  7.004538E-02  1.842293E-03      1      0      2     14      9      7
 -8.240493E-01 -1.416306E-02  3.427650E-04      1      0      2     14      9      7
 -1.056547E+00  9.267542E-02  3.702052E-05      1      0      2     14      9      7
 -7.422265E-01  7.249458E-02  8.243427E-04      1      0      2     14      9      7
 -1.348394E+00  2.966660E-01  2.101715E-04      1      0      2     14      9      7
 -9.403721E-01  3.901817E-02  1.586137E-04      1      0      2     14      9      7
 -1.297030E+00  3.384195E-01  3.658034E-05      1      0      2     14      9      7
 -8.724695E-01  7.853397E-02  1.593805E-03      1      0      2     14      9      7
 -7.367140E-01  1.292746E-01  2.167316E-03      1      0      2     14      9      7
 -5.403230E-01 -8.756112E-02  5.012296E-04      1      0      2     14      9      7
 -1.058938E+00  7.638197E-02  3.575323E-05      1      0      2     14      9      7
 -1.235385E+00  2.221694E-01  6.872480E-03      1      0      2     14      9      7
 -5.681656E-01 -7.714171E-02  2.326349E-03      1      0      2     14      9      7
 -1.490866E+00  3.622253E-01  4.374533E-04      1      0      2     14      9      7
 -6.450663E-01  2.883520E-02  2.451019E-03      1      0      2     14      9      7
 -6.566288E-01 -9.657205E-02  7.577478E-04      1      0      2     14      9      7
 -7.156208E-01  1.150533E-01  7.564698E-04      1      0      2     14      9      7
 -8.726072E-01 -7.989233E-02  3.641563E-04      1      0      2     14      9      7
 -6.914715E-01  1.571404E-02  1.118127E-03      1      0      2     14      9      7
 -1.196576E+00  4.811049E-02  7.579607E-05      1      0      2     14      9      7
 -7.606925E-01  2.504144E-03  9.140825E-04      1      0      2     14      9      7
 -5.895245E-01 -7.657381E-04  8.955524E-04      1      0      2     14      9      7
 -6.489275E-01  8.844233E-02  5.719068E-04      1      0      2     14      9      7
 -7.285425E-01  7.265575E-02  6.208519E-04      1      0      2     14      9      7
 -6.745421E-01 -2.613483E-02  2.086096E-04      1      0      2     14      9      7
 -1.035145E+00  1.088017E-01  6.047712E-05      1      0      2     14      9      7
 -8.784052E-01 -1.614672E-01  7.133748E-04      1      0      2     14      9      7
 -9.577184E-01  9.772716E-02  1.046917E-04      1      0      2     14      9      7
 -1.305725E+00  2.588985E-01  8.110663E-05      1      0      2     14      9      7
 -2.199824E+00  4.494491E-01  3.354665E-03      1      0      2     14      9      7
 -1.094093E+00  1.707006E-01  5.954067E-04      1      0      2     14      9      7
 -6.706585E-01  9.538820E-02  1.302789E-04      1      0      2     14      9      7
 -1.080947E+00  1.089799E-01  1.181669E-05      1      0      2     14      9      7
 -1.053666E+00  1.195036E-01  2.506822E-05      1      0      2     14      9      7
 -8.185637E-01  1.646184E-01  6.223003E-05      1      0      2     14      9      7
 -5.301251E-01 -6.666753E-02  4.186320E-04      1      0      2     14      9      7
 -9.917823E-01  2.642360E-01  8.863228E-04      1      0      2     14      9      7
 -1.902653E+00  3.853379E-01  2.700004E-05      1      0      2     14      9      7
 -7.008967E-01  6.461618E-02  5.327237E-03      1      0      2     14      9      7
 -9.119473E-01 -3.114288E-02  5.311263E-04      1      0      2     14      9      7
 -1.235051E+00  2.642715E-01  2.305547E-04      1      0      2     14      9      7
 -5.242857E-01  3.763745E-02  6.217820E-04      1      0      2     14      9      7
 -9.412606E-01  1.240268E-01  3.708441E-04      1      0      2     14      9      7
 -1.158327E+00  1.059204E-01  4.403215E-04      1      0      2     14      9      7
 -8.706236E-01  1.477461E-01  6.329356E-04      1      0      2     14      9      7
 -6.896157E-01  9.601077E-02  1.159944E-03      1      0      2     14      9      7
 -8.148149E-01  1.344267E-01  1.652093E-04      1      0      2     14      9      7
 -6.759512E-01  1.142569E-01  7.674743E-04      1      0      2     14      9      7
 -8.153443E-01  1.209590E-01  1.046491E-03      1      0      2     14      9      7
 -1.318354E+00  3.189992E-01  9.559705E-04      1      0      2     14      9      7
 -6.233139E-01  5.686505E-02  1.914568E-03      1      0      2     14      9      7
 -5.710093E-01 -2.922974E-03  3.025453E-03      1      0      2     14      9      7
 -1.050921E+00  1.994585E-01  2.665997E-03      1      0      2     14      9      7
 -4.008338E+00  3.309692E-01  1.102863E-03      1      0      2     14      9      7
 -1.339378E+00  4.073783E-01  6.628607E-04      1      0      2     14      9      7
 -8.654037E-01  1.002898E-01  8.342822E-05      1      0      2     14      9      7
 -8.040825E-01  1.516904E-01  2.694396E-03      1      0      2     14      9      7
 -5.171284E-01 -3.206644E-02  2.092344E-03      1      0      2     14      9      7
 -1.037643E+00  2.144343E-02  3.445470E-05      1      0      2     14      9      7
 -3.909483E+00  2.072734E-01  4.632677E-04      1      0      2     14      9      7
 -1.029805E+00  2.050654E-01  7.984289E-04      1      0      2     14      9      7
 -8.326450E-01  1.068156E-01  1.199347E-03      1      0      2     14      9      7
 -5.315379E-01 -4.161148E-02  4.213867E-04      1      0      2     14      9      7
 -1.854848E+00  3.432832E-01  2.968301E-04      1      0      2     14      9      7
 -1.015993E+00  2.066876E-01  1.164275E-03      1      0      2     14      9      7
 -1.020928E+00  1.279285E-01  1.219936E-04      1      0      2     14      9      7
 -7.716208E-01  1.333047E-01  1.502148E-03      1      0      2     14      9      7
 -9.236868E-01 -2.538450E-02  1.557668E-04      1      0      2     14      9      7
 -1.154922E+00  1.872056E-01  6.977981E-04      1      0      2     14      9      7
 -1.166990E+00  2.535754E-01  2.264582E-03      1      0      2     14      9      7
 -1.245444E+00  1.828043E-01  1.857842E-03      1      0      2     14      9      7
 -5.705878E-01  1.493228E-01  6.870067E-03      1      0      2     14      9      7
 -1.085134E+00  3.391510E-02  3.782775E-05      1      0      2     14      9      7
 -9.632951E-01  1.544139E-01  1.496326E-03      1      0      2     14      9      7
 -1.043319E+00  2.687745E-01  2.171718E-03      1      0      2     14      9      7
 -6.974988E-01  1.705917E-01  3.835952E-03      1      0      2     14      9      7
 -1.101260E+00  1.225140E-01  1.581310E-04      1      0      2     14      9      7
 -1.249416E+00  2.209686E-01  1.991528E-04      1      0      2     14      9      7
 -6.409955E-01  7.143316E-02  5.387797E-04      1      0      2     14      9      7
 -4.581286E-01 -1.181493E-01  1.874029E-03      1      0      2     14      9      7
 -7.290551E-01  2.145102E-02  1.323449E-03      1      0      2     14      9      7
 -7.023089E-01  1.529741E-01  4.871651E-04      1      0      2     14      9      7
 -9.757334E-01  2.696978E-02  8.260466E-04      1      0      2     14      9      7
 -5.269286E-01 -7.614127E-02  1.584504E-03      1      0      2     14      9      7
 -9.331227E-01  9.268435E-02  2.669050E-03      1      0      2     14      9      7
 -1.035923E+00  9.818124E-02  3.311499E-03      1      0      2     14      9      7
 -5.771581E-01 -3.760052E-03  3.200602E-03      1      0      2     14      9      7
 -7.057734E-01  5.373380E-02  1.657986E-03      1      0      2     14      9      7
 -2.312185E+00  4.928840E-01  6.964066E-04      1      0      2     14      9      7
 -1.098378E+00  2.324360E-01  3.675641E-04      1      0      2     14      9      7
 -1.129828E+00  2.399500E-01  2.533730E-04      1      0      2     14      9      7
 -7.254569E-01 -6.561307E-02  6.478591E-04      1      0      2     14      9      7
 -1.290928E+00  3.572819E-01  6.171814E-04      1      0      2     14      9      7
 -7.784840E-01  1.076051E-01  1.551065E-04      1      0      2     14      9      7
 -1.129295E+00  5.163735E-02  2.025749E-05      1      0      2     14      9      7
 -5.552317E-01 -5.124698E-03  2.438666E-03      1      0      2     14      9      7
 -1.433729E+00  2.728777E-01  1.299524E-03      1      0      2     14      9      7
 -1.040692E+00  1.059363E-01  3.099219E-04      1      0      2     14      9      7
 -1.007035E+00  9.504510E-02  2.070548E-04      1      0      2     14      9      7
 -9.759037E-01  2.146738E-02  5.593901E-04      1      0      2     14      9      7
 -9.399074E-01  1.050399E-01  1.453302E-03      1      0      2     14      9      7
 -4.973493E-01 -5.719199E-02  2.728971E-03      1      0      2     14      9      7
 -8.427148E-01 -1.188975E-02  7.997068E-05      1      0      2     14      9      7
 -6.955291E-01  1.781170E-01  3.984193E-03      1      0      2     14      9      7
 -7.136608E-01  1.928906E-02  1.778041E-03      1      0      2     14      9      7
 -7.700863E-01  6.229280E-02  1.715706E-03      1      0      2     14      9      7
 -6.489055E-01  1.963000E-01  7.360938E-04      1      0      2     14      9      7
 -1.286079E+00  1.497376E-01  4.443116E-04      1      0      2     14      9      7
 -6.726623E-01  5.295118E-02  2.714062E-03      1      0      2     14      9      7
 -2.148466E+00  3.516451E-01  1.209784E-03      1      0      2     14      9      7
 -5.280700E-01 -1.826438E-03  3.625304E-04      1      0      2     14      9      7
 -1.015405E+00  1.667023E-01  6.418315E-05      1      0      2     14      9      7
 -1.254901E+00  2.028166E-01  2.106046E-03      1      0      2     14      9      7
 -8.132853E-01  1.377469E-01  2.713210E-04      1      0      2     14      9      7
 -8.564607E-01  7.504480E-02  8.823470E-04      1      0      2     14      9      7
 -8.397154E-01  1.495385E-01  7.697462E-04      1      0      2     14      9      7
 -1.310314E+00  2.342387E-01  5.080098E-04      1      0      2     14      9      7
 -1.055998E+00  2.196187E-01  1.268001E-03      1      0      2     14      9      7
 -1.008662E+00  1.129621E-01  9.500068E-05      1      0      2     14      9      7
 -7.062016E-01  1.364920E-01  3.111146E-04      1      0      2     14      9      7
 -1.055414E+00  2.034974E-02  1.067364E-04      1      0      2     14      9      7
 -1.173329E+00  1.814733E-01  4.470023E-04      1      0      2     14      9      7
 -9.734404E-01 -8.101273E-03  4.764518E-05      1      0      2     14      9      7
 -1.182474E+00  1.832643E-01  1.375703E-03      1      0      2     14      9      7
 -1.038502E+00  8.916399E-02  2.577535E-04      1      0      2     14      9      7
 -1.037289E+00  2.241400E-01  2.974265E-04      1      0      2     14      9      7
 -1.099345E+00  8.621198E-02  1.142337E-04      1      0      2     14      9      7
 -9.878155E-01  9.616901E-02  2.179386E-04      1      0      2     14      9      7
 -1.658838E+00  3.091930E-01  1.490718E-03      1      0      2     14      9      7
 -9.129401E-01 -1.172374E-01  1.356321E-04      1      0      2     14      9      7
 -1.492328E+00  2.717422E-01  6.836698E-04      1      0      2     14      9      7
 -1.159207E+00  1.412007E-01  4.023454E-04      1      0      2     14      9      7
 -4.113980E-01 -3.735890E-02  3.194141E-03      1      0      2     14      9      7
 -8.432420E-01  5.570779E-02  1.267220E-05      1      0      2     14      9      7
 -8.063020E-01  1.420230E-01  8.743243E-04      1      0      2     14      9      7
 -1.126834E+00  9.213767E-02  5.739941E-05      1      0      2     14      9      7
 -7.196082E-01 -1.988233E-02  1.794655E-03      1      0      2     14      9      7
 -1.359878E+00  2.739352E-01  1.632711E-03      1      0      2     14      9      7
 -1.221257E+00  2.272686E-01  1.035203E-03      1      0      2     14      9      7
 -9.632440E-01  4.787757E-02  2.671961E-04      1      0      2     14      9      7
 -6.621643E-01  1.193179E-01  3.754163E-04      1      0      2     14      9      7
 -9.134869E-01  2.526367E-01  2.288082E-04      1      0      2     14      9      7
 -8.865663E-01  4.103098E-02  1.547018E-04      1      0      2     14      9      7
 -8.742789E-01  2.007309E-01  2.132244E-03      1      0      2     14      9      7
 -1.325198E+00  2.659551E-01  5.578282E-03      1      0      2     14      9      7
 -6.399971E-01  6.757555E-02  2.258689E-04      1      0      2     14      9      7
 -1.040231E+00  1.205028E-01  2.415947E-04      1      0      2     14      9      7
 -1.138234E+00  1.267623E-01  2.132883E-04      1      0      2     14      9      7
 -6.858852E-01 -3.765764E-02  8.953394E-04      1      0      2     14      9      7
 -7.973624E-01  8.563851E-02  3.069897E-03      1      0      2     14      9      7
 -9.703329E-01  1.503697E-01  9.283528E-04      1      0      2     14      9      7
 -9.182469E-01  1.969779E-01  2.074452E-04      1      0      2     14      9      7
 -7.468375E-01  4.946203E-02  2.304340E-04      1      0      2     14      9      7
 -8.520348E-01  2.526285E-01  8.171720E-04      1      0      2     14      9      7
 -8.437462E-01  1.144205E-01  2.180735E-04      1      0      2     14      9      7
 -1.142752E+00  2.499873E-01  6.469503E-04      1      0      2     14      9      7
 -5.931733E-01  7.015103E-02  1.152276E-03      1      0      2     14      9      7
 -1.358015E+00  2.201886E-01  9.108166E-04      1      0      2     14      9      7
 -6.852414E-01  4.382322E-02  3.340750E-03      1      0      2     14      9      7
 -8.394508E-01  1.724293E-01  2.471963E-03      1      0      2     14      9      7
 -7.679278E-01  1.671633E-01  1.040031E-03      1      0      2     14      9      7
 -1.145182E+00  2.458826E-01  5.734261E-04      1      0      2     14      9      7
 -1.154593E+00  2.405566E-01  5.625068E-04      1      0      2     14      9      7
 -1.232309E+00  1.827023E-01  9.906879E-05      1      0      2     14      9      7
 -8.148607E-01  7.451975E-02  1.854505E-03      1      0      2     14      9      7
 -7.251622E-01 -1.751071E-02  5.225712E-04      1      0      2     14      9      7
 -7.639703E-01  8.655371E-02  1.963414E-04      1      0      2     14      9      7
 -2.553868E+00  4.723389E-01  1.320184E-03      1      0      2     14      9      7
 -1.062410E+00  2.104558E-01  1.414538E-03      1      0      2     14      9      7
 -1.025180E+00  1.321631E-03  3.187681E-04      1      0      2     14      9      7
 -9.276265E-01  3.879639E-02  6.176784E-05      1      0      2     14      9      7
 -7.863987E-01  7.631759E-02  3.922994E-04      1      0      2     14      9      7
 -6.692547E-01 -1.314994E-02  1.854434E-04      1      0      2     14      9      7
 -1.109731E+00  2.108862E-01  9.599464E-04      1      0      2     14      9      7
 -8.697004E-01  2.589845E-02  1.118411E-03      1      0      2     14      9      7
 -1.112474E+00  2.096045E-01  5.872066E-03      1      0      2     14      9      7
 -2.293507E+00  4.634179E-01  6.088038E-04      1      0      2     14      9      7
 -9.309430E-01  6.003071E-03  1.026328E-04      1      0      2     14      9      7
 -1.001967E+00  1.911905E-01  9.351685E-04      1      0      2     14      9      7
 -9.796946E-01  2.002809E-01  9.627152E-05      1      0      2     14      9      7
 -1.271918E+00  1.946688E-01  1.915491E-03      1      0      2     14      9      7
 -5.576326E-01  1.333636E-01  2.437033E-03      1      0      2     14      9      7
 -1.344403E+00  2.642849E-01  1.491783E-03      1      0      2     14      9      7
 -9.689656E-01  5.035165E-02  1.563205E-05      1      0      2     14      9      7
 -1.004116E+00  2.165475E-01  1.834342E-03      1      0      2     14      9      7
 -2.515892E+00  4.085784E-01  5.515166E-05      1      0      2     14      9      7
 -6.508772E-01 -1.965898E-02  4.570910E-04      1      0      2     14      9      7
 -6.723598E-01 -1.333400E-02  1.049331E-03      1      0      2     14      9      7
 -6.977483E-01  7.995496E-02  2.459042E-04      1      0      2     14      9      7
 -7.773893E-01  6.352435E-02  6.034222E-04      1      0      2     14      9      7
 -1.558528E+00  3.005658E-01  6.319061E-04      1      0      2     14      9      7
 -1.228661E+00  2.699239E-01  7.369457E-04      1      0      2     14      9      7
 -8.605654E-01 -2.926300E-02  9.814584E-04      1      0      2     14      9      7
 -7.188404E-01 -3.061097E-02  2.704832E-03      1      0      2     14      9      7
 -1.808760E+00  3.669151E-01  4.584612E-04      1      0      2     14      9      7
 -5.925500E-01  2.001187E-02  2.859108E-03      1      0      2     14      9      7
 -1.549439E+00  2.249363E-01  6.582104E-05      1      0      2     14      9      7
 -1.215455E+00  1.358015E-01  4.863842E-04      1      0      2     14      9      7
 -1.031693E+00  1.768603E-01  2.294400E-04      1      0      2     14      9      7
 -1.861606E+00  3.603743E-01  5.139238E-04      1      0      2     14      9      7
 -1.512655E+00  3.500699E-01  8.355601E-04      1      0      2     14      9      7
 -1.009634E+00  1.499859E-01  3.085659E-03      1      0      2     14      9      7
 -8.528481E-01  1.538461E-01  5.039701E-03      1      0      2     14      9      7
 -1.101983E+00  1.523393E-01  1.935015E-03      1      0      2     14      9      7
 -1.746429E+00  4.123809E-01  1.740910E-03      1      0      2     14      9      7
 -1.343720E+00  2.803685E-01  1.119334E-04      1      0      2     14      9      7
 -1.053614E+00  5.022721E-02  3.607342E-04      1      0      2     14      9      7
 -5.299108E-01 -7.271002E-03  2.325355E-03      1      0      2     14      9      7
 -5.805324E-01 -8.045389E-02  1.566897E-03      1      0      2     14      9      7
 -9.718628E-01  1.820604E-01  7.576058E-04      1      0      2     14      9      7
 -6.523660E-01 -2.829017E-02  1.674102E-04      1      0      2     14      9      7
 -9.496304E-01  1.742295E-01  4.369918E-03      1      0      2     14      9      7
 -5.933483E-01  2.370786E-02  2.099230E-04      1      0      2     14      9      7
 -7.739781E-01  9.649304E-02  6.442098E-04      1      0      2     14      9      7
 -6.970741E-01  2.337004E-02  2.919455E-03      1      0      2     14      9      7
 -1.497270E+00  3.407636E-01  9.171354E-04      1      0      2     14      9      7
 -5.074787E-01 -1.890730E-02  1.738638E-03      1      0      2     14      9      7
 -9.179992E-01  1.031808E-01  2.513993E-04      1      0      2     14      9      7
 -5.016620E-01  2.367385E-03  2.212399E-04      1      0      2     14      9      7
 -1.361620E+00  3.427626E-01  1.242158E-04      1      0      2     14      9      7
 -9.408011E-01  2.804268E-01  4.180853E-04      1      0      2     14      9      7
 -1.069890E+00  4.771529E-02  1.394943E-04      1      0      2     14      9      7
 -1.202215E+00  2.471203E-01  1.133036E-04      1      0      2     14      9      7
 -1.136677E+00  9.235121E-02  3.312493E-05      1      0      2     14      9      7
 -9.511313E-01  6.721243E-02  3.242703E-04      1      0      2     14      9      7
 -8.655244E-01  1.874393E-01  5.314600E-04      1      0      2     14      9      7
 -1.102038E+00  6.531990E-02  3.116045E-04      1      0      2     14      9      7
 -9.634982E-01  1.525999E-01  4.156360E-04      1      0      2     14      9      7
 -7.377750E-01  6.754704E-02  5.852826E-03      1      0      2     14      9      7
 -8.546483E-01  4.641084E-02  1.594373E-03      1      0      2     14      9      7
 -1.502962E+00  3.440152E-01  5.493653E-04      1      0      2     14      9      7
 -6.556386E-01  9.334190E-02  9.531307E-04      1      0      2     14      9      7
 -1.199203E+00  2.711051E-01  3.027583E-04      1      0      2     14      9      7
 -7.226448E-01 -2.578296E-02  1.542332E-04      1      0      2     14      9      7
 -5.149447E-01 -1.153203E-01  5.141581E-04      1      0      2     14      9      7
 -9.138284E-01  1.573247E-01  8.251946E-04      1      0      2     14      9      7
 -6.895347E-01  1.349353E-01  2.642284E-03      1      0      2     14      9      7
 -9.644486E-01  6.725512E-02  6.376994E-04      1      0      2     14      9      7
 -6.887974E-01  3.249879E-02  8.339982E-04      1      0      2     14      9      7
 -8.303821E-01  2.420660E-01  4.019052E-04      1      0      2     14      9      7
 -1.269415E+00  1.289266E-01  1.058916E-04      1      0      2     14      9      7
 -1.057065E+00  2.166201E-01  6.469077E-04      1      0      2     14      9      7
 -1.100769E+00  2.083825E-01  1.559797E-03      1      0      2     14      9      7
 -7.049343E-01  1.592808E-01  5.207253E-04      1      0      2     14      9      7
 -7.206535E-01  1.168113E-01  5.546475E-04      1      0      2     14      9      7
 -5.636388E-01  9.806922E-02  2.658755E-03      1      0      2     14      9      7
 -6.500914E-01 -2.137932E-02  6.519201E-05      1      0      2     14      9      7
 -1.016803E+00  8.902492E-02  2.510514E-04      1      0      2     14      9      7
 -8.639978E-01  9.014460E-02  2.674375E-03      1      0      2     14      9      7
 -7.385951E-01  5.338095E-03  1.794300E-03      1      0      2     14      9      7
 -8.986924E-01  1.057384E-01  2.345589E-03      1      0      2     14      9      7
 -4.959367E-01 -7.594296E-02  5.818819E-04      1      0      2     14      9      7
 -1.010156E+00  1.698776E-01  1.824331E-03      1      0      2     14      9      7
 -6.182605E-01 -2.204806E-02  2.689426E-03      1      0      2     14      9      7
 -1.220726E+00  2.220518E-01  7.596647E-05      1      0      2     14      9      7
 -6.780031E-01  1.040100E-01  3.117749E-03      1      0      2     14      9      7
 -1.129685E+00  1.206382E-01  5.472852E-04      1      0      2     14      9      7
 -6.812365E-01 -4.585112E-02  4.033465E-04      1      0      2     14      9      7
 -1.058884E+00  1.380090E-01  1.600195E-04      1      0      2     14      9      7
 -1.349645E+00  2.791168E-01  3.308375E-03      1      0      2     14      9      7
 -1.327742E+00  3.441557E-01  1.078653E-03      1      0      2     14      9      7
 -1.400615E+00  1.823258E-01  1.170168E-04      1      0      2     14      9      7
 -1.774533E+00  4.082404E-01  3.119950E-04      1      0      2     14      9      7
 -1.311931E+00  2.171076E-01  2.993860E-03      1      0      2     14      9      7
 -8.592023E-01  1.744287E-02  1.025263E-03      1      0      2     14      9      7
 -7.685449E-01  6.272266E-02  7.382237E-05      1      0      2     14      9      7
 -7.968049E-01  9.948303E-02  3.890690E-04      1      0      2     14      9      7
 -1.094596E+00  1.910730E-01  5.261991E-04      1      0      2     14      9      7
 -1.615750E+00  3.513216E-01  2.322231E-03      1      0      2     14      9      7
 -6.327482E-01  3.775592E-02  3.717529E-04      1      0      2     14      9      7
 -7.739741E-01  1.731008E-01  3.496871E-04      1      0      2     14      9      7
 -8.944019E-01  2.561766E-02  8.310874E-04      1      0      2     14      9      7
 -8.561813E-01  2.277409E-01  4.469881E-04      1      0      2     14      9      7
 -8.787258E-01  1.502633E-01  1.152489E-03      1      0      2     14      9      7
 -1.007301E+00 -4.715152E-03  3.283100E-04      1      0      2     14      9      7
 -6.199706E-01 -4.887697E-03  8.691416E-04      1      0      2     14      9      7
 -5.226359E-01 -3.732022E-02  9.017291E-04      1      0      2     14      9      7
 -9.570162E-01  2.296656E-01  3.196555E-03      1      0      2     14      9      7
 -9.046202E-01  9.018820E-02  3.046397E-04      1      0      2     14      9      7
 -1.189452E+00  1.931940E-01  2.875153E-04      1      0      2     14      9      7
 -7.251743E-01  7.620191E-02  2.988464E-04      1      0      2     14      9      7
 -7.428961E-01  2.250636E-02  1.502006E-03      1      0      2     14      9      7
 -8.955162E-01  5.191172E-02  1.670339E-03      1      0      2     14      9      7
 -1.012438E+00  4.501783E-02  1.266297E-04      1      0      2     14      9      7
 -9.617878E-01  1.916593E-01  4.396897E-03      1      0      2     14      9      7
 -9.154429E-01  1.108347E-01  4.603071E-04      1      0      2     14      9      7
 -1.014178E+00 -9.260058E-02  1.880348E-04      1      0      2     14      9      7
 -1.031702E+00  1.934821E-01  3.132019E-04      1      0      2     14      9      7
 -6.320902E-01 -2.589257E-02  1.928128E-03      1      0      2     14      9      7
 -1.271400E+00  2.163179E-01  5.196248E-04      1      0      2     14      9      7
 -6.726800E-01  7.992569E-02  3.598326E-04      1      0      2     14      9      7
 -5.025027E-01 -9.379107E-02  1.418798E-03      1      0      2     14      9      7
 -9.205580E-01  1.544422E-01  2.037534E-03      1      0      2     14      9      7
 -1.190835E+00  3.427953E-01  2.415308E-05      1      0      2     14      9      7
 -1.562958E+00  2.986628E-01  7.331119E-04      1      0      2     14      9      7
 -2.336465E+00  4.203765E-01  1.190544E-03      1      0      2     14      9      7
 -6.607848E-01 -6.063686E-02  1.689437E-03      1      0      2     14      9      7
 -7.046886E-01  1.050688E-01  6.522112E-04      1      0      2     14      9      7
 -1.009615E+00  1.355795E-01  1.573145E-04      1      0      2     14      9      7
 -1.144027E+00  7.289473E-02  1.523092E-04      1      0      2     14      9      7
 -1.261352E+00  3.035639E-01  3.963178E-04      1      0      2     14      9      7
 -1.068197E+00  1.484625E-01  1.443434E-04      1      0      2     14      9      7
 -8.959431E-01  1.086782E-02  3.718381E-04      1      0      2     14      9      7
 -9.538053E-01  9.797843E-02  1.712511E-03      1      0      2     14      9      7
 -7.781466E-01 -1.890318E-02  8.675797E-05      1      0      2     14      9      7
 -5.409361E-01  9.193264E-03  2.362273E-03      1      0      2     14      9      7
 -1.258135E+00  2.594514E-01  1.662601E-03      1      0      2     14      9      7
 -8.541810E-01  4.335254E-02  4.677475E-04      1      0      2     14      9      7
 -6.817273E-01  2.465885E-02  2.937346E-04      1      0      2     14      9      7
 -1.023411E+00 -9.817308E-02  5.522620E-04      1      0      2     14      9      7
 -9.593513E-01  1.788369E-01  1.605022E-04      1      0      2     14      9      7
 -1.028494E+00  4.914685E-02  5.017408E-04      1      0      2     14      9      7
 -9.966888E-01  2.249275E-01  2.077505E-03      1      0      2     14      9      7
 -8.859139E-01  5.567366E-02  8.011267E-04      1      0      2     14      9      7
 -1.026689E+00  2.221905E-01  1.106981E-03      1      0      2     14      9      7
 -1.087804E+00  2.157456E-01  1.353055E-05      1      0      2     14      9      7
 -9.697449E-01  1.943773E-02  3.103337E-04      1      0      2     14      9      7
 -1.469081E+00  3.766630E-01  1.577476E-03      1      0      2     14      9      7
 -9.338819E-01  1.983335E-01  1.013407E-03      1      0      2     14      9      7
 -8.672488E-01  1.371294E-01  2.695461E-04      1      0      2     14      9      7
 -5.720595E-01 -1.653774E-03  6.824558E-04      1      0      2     14      9      7
 -7.942712E-01  1.052095E-01  5.630038E-04      1      0      2     14      9      7
 -1.186400E+00  1.797061E-01  9.412032E-05      1      0      2     14      9      7
 -4.752133E-01 -9.049396E-03  6.745326E-04      1      0      2     14      9      7
 -6.168275E-01  1.339774E-01  2.007432E-03      1      0      2     14      9      7
 -8.944415E-01  2.095624E-01  8.213608E-04      1      0      2     14      9      7
 -6.796681E-01  7.491162E-02  2.262949E-03      1      0      2     14      9      7
 -6.039084E-01  3.346571E-04  2.266286E-03      1      0      2     14      9      7
 -1.176413E+00  2.950551E-01  6.740639E-04      1      0      2     14      9      7
 -6.911910E-01 -2.255639E-02  1.105277E-03      1      0      2     14      9      7
 -1.105900E+00  1.833298E-01  1.888441E-05      1      0      2     14      9      7
 -1.140736E+00  2.159630E-01  1.245495E-03      1      0      2     14      9      7
 -7.614389E-01  1.076662E-01  2.230858E-03      1      0      2     14      9      7
 -5.695347E-01  8.394553E-03  2.099372E-04      1      0      2     14      9      7
 -9.324363E-01  1.938699E-01  1.849819E-04      1      0      2     14      9      7
 -1.003384E+00  2.499852E-01  1.204175E-03      1      0      2     14      9      7
 -8.024559E-01  8.773796E-02  1.051461E-03      1      0      2     14      9      7
 -9.954236E-01  1.011656E-01  1.647904E-03      1      0      2     14      9      7
 -1.016717E+00  1.556882E-01  4.209039E-04      1      0      2     14      9      7
 -9.113055E-01  1.688436E-01  8.394650E-05      1      0      2     14      9      7
 -8.442156E-01  1.468878E-01  5.964291E-04      1      0      2     14      9      7
 -5.876373E-01  1.942592E-02  1.575062E-04      1      0      2     14      9      7
 -8.146016E-01  1.108293E-01  6.869286E-03      1      0      2     14      9      7
 -8.387299E-01  1.987384E-01  3.368367E-03      1      0      2     14      9      7
 -8.382359E-01  3.237655E-02  9.426942E-05      1      0      2     14      9      7
 -1.198113E+00  2.264210E-01  1.045923E-03      1      0      2     14      9      7
 -2.992247E+00  6.646782E-01  4.352524E-04      1      0      2     14      9      7
 -5.277150E-01  3.758145E-02  9.412032E-04      1      0      2     14      9      7
 -8.670086E-01  1.681830E-01  1.595225E-03      1      0      2     14      9      7
 -6.633629E-01  2.005185E-01  1.212837E-03      1      0      2     14      9      7
 -1.137761E+00  2.845066E-01  2.805648E-04      1      0      2     14      9      7
 -8.435482E-01  6.359251E-02  3.676138E-04      1      0      2     14      9      7
 -6.653135E-01  6.218923E-02  2.938766E-03      1      0      2     14      9      7
 -7.308536E-01  7.925740E-02  2.589747E-03      1      0      2     14      9      7
 -1.720529E+00  3.778809E-01  6.026625E-04      1      0      2     14      9      7
 -9.047461E-01  1.392346E-01  5.081447E-04      1      0      2     14      9      7
 -1.127172E+00  2.677555E-01  1.211985E-03      1      0      2     14      9      7
 -1.007628E+00  7.488874E-02  1.543823E-05      1      0      2     14      9      7
 -1.120903E+00  1.451306E-01  3.259529E-03      1      0      2     14      9      7
 -8.486108E-01  1.646633E-01  1.983222E-04      1      0      2     14      9      7
 -8.471055E-01  2.075516E-01  5.775865E-03      1      0      2     14      9      7
 -8.481649E-01  1.384621E-01  3.783698E-04      1      0      2     14      9      7
 -1.076389E+00  1.008590E-01  2.617435E-04      1      0      2     14      9      7
 -8.780486E-01  5.357893E-02  8.172430E-04      1      0      2     14      9      7
 -1.183797E+00  2.335701E-01  1.542474E-04      1      0      2     14      9      7
 -1.152141E+00  1.801419E-01  6.384520E-04      1      0      2     14      9      7
 -1.518290E+00  3.918103E-01  2.703341E-03      1      0      2     14      9      7
 -9.347568E-01  1.002268E-01  5.342359E-04      1      0      2     14      9      7
 -1.001973E+00  5.476372E-02  1.246205E-05      1      0      2     14      9      7
 -1.144102E+00  2.938121E-01  1.474743E-03      1      0      2     14      9      7
 -9.760292E-01  1.354343E-01  1.612051E-03      1      0      2     14      9      7
 -7.806497E-01  1.355927E-01  2.316622E-03      1      0      2     14      9      7
 -8.613122E-01  1.419765E-01  2.735290E-03      1      0      2     14      9      7
 -4.999351E-01 -1.682959E-01  1.384720E-03      1      0      2     14      9      7
 -1.489150E+00  3.339225E-01  6.535033E-05      1      0      2     14      9      7
 -7.326600E-01  1.455727E-01  2.667630E-04      1      0      2     14      9      7
 -1.004224E+00  1.960195E-01  3.017999E-04      1      0      2     14      9      7
 -6.808074E-01  7.474545E-02  5.277752E-04      1      0      2     14      9      7
 -9.434057E-01  2.323747E-03  1.183160E-04      1      0      2     14      9      7
 -6.930895E-01  2.180579E-01  4.300909E-04      1      0      2     14      9      7
 -1.520146E+00  2.751257E-01  6.302448E-05      1      0      2     14      9      7
 -7.869850E-01  1.230245E-01  2.767522E-03      1      0      2     14      9      7
 -1.092405E+00 -2.438189E-02  8.461387E-05      1      0      2     14      9      7
 -1.488248E+00  3.411156E-01  4.723339E-04      1      0      2     14      9      7
 -1.336895E+00  1.878867E-01  1.040102E-03      1      0      2     14      9      7
 -8.435975E-01  1.498352E-01  1.512727E-03      1      0      2     14      9      7
 -7.649297E-01  8.871109E-02  2.307251E-03      1      0      2     14      9      7
 -7.659496E-01  3.614425E-02  1.562566E-03      1      0      2     14      9      7
 -6.552580E-01  5.361035E-02  4.223736E-04      1      0      2     14      9      7
 -1.147697E+00  2.296642E-01  2.864007E-04      1      0      2     14      9      7
 -7.444148E-01  1.909739E-01  1.727847E-03      1      0      2     14      9      7
 -6.638807E-01  1.032393E-01  8.441507E-04      1      0      2     14      9      7
 -1.414087E+00  2.209164E-01  1.366970E-04      1      0      2     14      9      7
 -5.984323E-01  1.167710E-01  2.769155E-04      1      0      2     14      9      7
 -1.110179E+00  1.980797E-01  2.009349E-03      1      0      2     14      9      7
 -1.152612E+00  3.127350E-01  2.726770E-04      1      0      2     14      9      7
 -1.201713E+00  1.255437E-01  6.720689E-05      1      0      2     14      9      7
 -1.089398E+00  1.646772E-01  1.014614E-03      1      0      2     14      9      7
 -1.264859E+00  2.742102E-01  3.254205E-04      1      0      2     14      9      7
 -9.485660E-01  2.266812E-01  3.790656E-04      1      0      2     14      9      7
 -6.088767E-01  6.027550E-02  4.575169E-04      1      0      2     14      9      7
 -6.587320E-01  3.576442E-02  3.531376E-04      1      0      2     14      9      7
 -1.025930E+00 -8.232748E-03  1.330904E-04      1      0      2     14      9      7
 -1.213161E+00  2.454427E-01  1.256145E-03      1      0      2     14      9      7
 -1.577245E+00  2.719687E-01  5.965213E-04      1      0      2     14      9      7
 -8.115034E-01  7.761721E-02  4.877189E-04      1      0      2     14      9      7
 -1.103391E+00  2.776180E-01  4.543718E-04      1      0      2     14      9      7
 -9.790928E-01  1.130010E-01  1.055437E-04      1      0      2     14      9      7
 -1.711905E+00  3.496708E-01  2.199833E-05      1      0      2     14      9      7
 -1.140223E+00  1.165939E-01  1.736508E-05      1      0      2     14      9      7
 -7.423943E-01 -3.304418E-02  1.364912E-03      1      0      2     14      9      7
 -6.939231E-01  1.002597E-01  9.544796E-04      1      0      2     14      9      7
 -7.387482E-01 -5.790694E-02  1.361362E-03      1      0      2     14      9      7
 -2.092317E+00  4.026160E-01  5.849489E-03      1      0      2     14      9      7
 -7.212150E-01  8.338488E-02  1.741336E-04      1      0      2     14      9      7
 -6.963971E-01  5.815102E-02  6.634286E-04      1      0      2     14      9      7
 -9.127637E-01  1.380221E-01  2.088226E-03      1      0      2     14      9      7
 -6.228214E-01  5.568152E-02  4.840484E-03      1      0      2     14      9      7
 -1.424520E+00  2.761593E-01  1.158808E-04      1      0      2     14      9      7
 -7.623249E-01  8.202252E-02  1.871473E-03      1      0      2     14      9      7
 -9.101733E-01  1.078048E-01  1.805517E-04      1      0      2     14      9      7
 -1.244097E+00  2.089397E-01  1.084404E-04      1      0      2     14      9      7
 -1.000086E+00  1.054681E-01  5.027560E-04      1      0      2     14      9      7
 -8.766153E-01  5.665464E-02  7.682553E-04      1      0      2     14      9      7
 -9.619592E-01  9.626573E-03  5.688398E-04      1      0      2     14      9      7
 -5.336696E-01  4.901832E-02  9.018001E-04      1      0      2     14      9      7
 -1.503349E+00  3.451949E-01  6.656012E-05      1      0      2     14      9      7
 -1.115667E+00  1.921283E-01  1.891494E-03      1      0      2     14      9      7
 -1.085769E+00  2.403662E-01  9.541246E-04      1      0      2     14      9      7
 -1.095392E+00  1.673831E-01  5.839265E-05      1      0      2     14      9      7
 -8.632237E-01  7.584340E-02  1.879780E-03      1      0      2     14      9      7
 -1.056988E+00  1.388575E-01  2.749489E-04      1      0      2     14      9      7
 -9.912017E-01  4.339992E-02  1.511946E-04      1      0      2     14      9      7
 -1.065741E+00  1.100406E-01  2.588966E-04      1      0      2     14      9      7
 -6.178938E-01 -1.277704E-01  5.144492E-04      1      0      2     14      9      7
 -7.097991E-01  1.164490E-01  1.078298E-03      1      0      2     14      9      7
 -9.505785E-01  1.734519E-01  3.181930E-03      1      0      2     14      9      7
 -8.489422E-01  1.419125E-01  1.307617E-04      1      0      2     14      9      7
 -1.144110E+00  2.470956E-01  1.910663E-03      1      0      2     14      9      7
 -5.924330E-01  7.399107E-03  1.689721E-03      1      0      2     14      9      7
 -9.091854E-01  3.575723E-02  5.162596E-04      1      0      2     14      9      7
 -9.213660E-01  1.135954E-01  2.024542E-03      1      0      2     14      9      7
 -1.083741E+00  1.753805E-01  8.043926E-04      1      0      2     14      9      7
 -1.226931E+00  2.715567E-01  4.953937E-04      1      0      2     14      9      7
 -1.041126E+00  1.028384E-01  7.125939E-05      1      0      2     14      9      7
 -8.804563E-01  5.612181E-02  9.076928E-05      1      0      2     14      9      7
 -9.884479E-01  6.552028E-02  3.937122E-04      1      0      2     14      9      7
 -8.151233E-01  5.950886E-02  1.568459E-03      1      0      2     14      9      7
 -9.121034E-01  1.235158E-01  3.614300E-04      1      0      2     14      9      7
 -6.044248E-01  5.716397E-02  5.453327E-04      1      0      2     14      9      7
 -1.111476E+00  1.429914E-01  1.216528E-03      1      0      2     14      9      7
 -1.075424E+00  2.274689E-01  1.293134E-03      1      0      2     14      9      7
 -1.854775E+00  2.832893E-01  6.457860E-05      1      0      2     14      9      7
 -5.418142E-01 -4.007641E-02  2.972419E-04      1      0      2     14      9      7
 -1.101270E+00  6.763264E-02  4.882514E-04      1      0      2     14      9      7
 -1.336895E+00  1.878867E-01  1.040102E-03      1      0      2     14      9      7
 -6.745914E-01  1.013343E-01  9.565385E-04      1      0      2     14      9      7
 -7.726777E-01  1.126939E-01  2.301713E-03      1      0      2     14      9      7
 -5.903717E-01 -4.496831E-02  4.032684E-04      1      0      2     14      9      7
 -1.157189E+00  5.441797E-02  1.284117E-04      1      0      2     14      9      7
 -1.326570E+00  2.199819E-01  2.705684E-04      1      0      2     14      9      7
 -5.409694E-01 -1.314644E-01  2.965390E-03      1      0      2     14      9      7
 -8.859139E-01  5.567366E-02  8.011267E-04      1      0      2     14      9      7
 -7.365851E-01  1.297568E-01  7.061119E-04      1      0      2     14      9      7
 -1.524365E+00  2.545206E-01  6.818026E-04      1      0      2     14      9      7
 -5.105431E-01  2.166894E-02  4.867818E-04      1      0      2     14      9      7
 -5.351438E-01  3.140578E-03  3.174546E-04      1      0      2     14      9      7
 -1.484482E+00  3.292082E-01  1.613826E-04      1      0      2     14      9      7
 -9.067267E-01  4.707862E-03  3.326692E-05      1      0      2     14      9      7
 -1.107683E+00  1.339383E-01  2.651656E-05      1      0      2     14      9      7
 -7.431148E-01 -2.015277E-02  2.486517E-03      1      0      2     14      9      7
 -9.200678E-01  1.003344E-01  7.442584E-04      1      0      2     14      9      7
 -7.383315E-01  1.752581E-01  3.882667E-04      1      0      2     14      9      7
 -7.880513E-01  2.403622E-01  2.972206E-04      1      0      2     14      9      7
 -1.027458E+00  1.077731E-01  1.529908E-04      1      0      2     14      9      7
 -5.690381E-01 -6.078202E-02  1.077801E-03      1      0      2     14      9      7
 -3.992797E+00  3.415894E-01  8.251236E-04      1      0      2     14      9      7
 -9.172494E-01 -6.710466E-02  2.012614E-04      1      0      2     14      9      7
 -7.727465E-01 -1.142143E-01  4.921278E-04      1      0      2     14      9      7
 -1.075650E+00  9.676961E-02  2.310801E-04      1      0      2     14      9      7
 -1.775537E+00  3.131414E-01  9.487289E-04      1      0      2     14      9      7
 -1.623462E+00  3.563013E-01  1.172652E-03      1      0      2     14      9      7
 -5.309799E-01  6.511772E-02  2.376756E-03      1      0      2     14      9      7
 -1.293653E+00  2.942500E-01  2.659536E-03      1      0      2     14      9      7
 -9.033999E-01 -5.033687E-02  4.651988E-05      1      0      2     14      9      7
 -9.896291E-01  1.852668E-01  6.129713E-04      1      0      2     14      9      7
 -9.914016E-01  2.377959E-01  7.983579E-04      1      0      2     14      9      7
 -1.140524E+00  2.464707E-01  6.255306E-04      1      0      2     14      9      7
 -1.106977E+00  1.664278E-01  1.813540E-03      1      0      2     14      9      7
 -8.198750E-01  1.004783E-01  4.877970E-03      1      0      2     14      9      7
 -1.179505E+00  1.885180E-01  8.374771E-04      1      0      2     14      9      7
 -1.008677E+00  8.479412E-02  1.617234E-04      1      0      2     14      9      7
 -1.031210E+00  9.046850E-02  3.595131E-04      1      0      2     14      9      7
 -8.121518E-01  1.344485E-01  1.982867E-03      1      0      2     14      9      7
 -1.128302E+00  1.925480E-01  5.806465E-05      1      0      2     14      9      7
 -2.242615E+00  4.227820E-01  5.005267E-04      1      0      2     14      9      7
 -1.734063E+00  4.028131E-01  2.066927E-04      1      0      2     14      9      7
 -1.095193E+00  1.957815E-01  1.580670E-04      1      0      2     14      9      7
 -1.291047E+00  2.310515E-01  2.381655E-03      1      0      2     14      9      7
 -6.651185E-01  1.059303E-01  3.284236E-03      1      0      2     14      9      7
 -1.515878E+00  2.665311E-01  1.556035E-03      1      0      2     14      9      7
 -8.618867E-01  8.973828E-02  5.891093E-04      1      0      2     14      9      7
 -8.560251E-01  6.156836E-02  2.753607E-04      1      0      2     14      9      7
 -8.817231E-01  2.210778E-01  3.169861E-05      1      0      2     14      9      7
 -1.186168E+00  3.474146E-01  2.383927E-03      1      0      2     14      9      7
 -9.356150E-01 -1.230981E-02  3.677416E-04      1      0      2     14      9      7
 -9.041123E-01  5.910381E-03  9.275009E-04      1      0      2     14      9      7
 -1.390777E+00  3.142588E-01  4.134351E-04      1      0      2     14      9      7
 -6.711057E-01  7.846420E-03  1.047343E-04      1      0      2     14      9      7
 -9.664661E-01 -1.910336E-02  2.617577E-04      1      0      2     14      9      7
 -6.433795E-01  3.358012E-02  1.800689E-03      1      0      2     14      9      7
 -7.325602E-01  1.711287E-02  2.067353E-03      1      0      2     14      9      7
 -9.334300E-01  1.044478E-01  1.004603E-03      1      0      2     14      9      7
 -7.936460E-01 -1.692015E-03  1.207370E-03      1      0      2     14      9      7
 -1.086065E+00  1.481737E-01  5.178570E-04      1      0      2     14      9      7
 -1.355995E+00  2.568785E-01  5.076761E-05      1      0      2     14      9      7
 -1.231768E+00  8.435643E-02  1.159376E-04      1      0      2     14      9      7
 -1.249760E+00  2.255025E-01  1.073399E-04      1      0      2     14      9      7
 -1.740285E+00  3.309895E-01  2.390246E-04      1      0      2     14      9      7
 -9.253145E-01 -1.402527E-02  8.261886E-04      1      0      2     14      9      7
 -4.747045E-01 -1.933639E-02  3.370426E-03      1      0      2     14      9      7
 -9.321616E-01  1.616905E-01  7.297041E-04      1      0      2     14      9      7
 -1.033785E+00  7.690422E-02  1.875733E-04      1      0      2     14      9      7
 -9.807554E-01  1.914125E-01  5.281728E-04      1      0      2     14      9      7
 -1.208425E+00  1.848103E-01  1.844920E-04      1      0      2     14      9      7
 -7.627599E-01  9.619431E-02  3.779651E-03      1      0      2     14      9      7
 -1.544104E+00  2.450402E-01  9.850792E-04      1      0      2     14      9      7
 -5.917066E-01  9.765999E-03  3.955652E-04      1      0      2     14      9      7
 -1.087419E+00  1.534110E-01  8.161070E-04      1      0      2     14      9      7
 -6.308484E-01  6.169827E-02  4.328953E-03      1      0      2     14      9      7
 -6.630707E-01  1.566628E-02  2.807990E-04      1      0      2     14      9      7
 -6.477075E-01 -6.841276E-02  1.756600E-03      1      0      2     14      9      7
 -1.365744E+00  2.945306E-01  1.989114E-04      1      0      2     14      9      7
 -9.399558E-01  1.514610E-01  8.337852E-05      1      0      2     14      9      7
 -7.333049E-01  1.456086E-01  2.506822E-03      1      0      2     14      9      7
 -6.609993E-01 -5.267512E-02  1.813966E-03      1      0      2     14      9      7
 -8.040465E-01  1.588982E-01  2.661950E-03      1      0      2     14      9      7
 -6.088968E-01  5.997528E-02  7.666933E-04      1      0      2     14      9      7
 -8.180785E-01  2.237474E-02  4.924473E-04      1      0      2     14      9      7
 -9.910610E-01  2.311741E-01  9.554026E-04      1      0      2     14      9      7
 -6.256162E-01  1.614119E-01  5.342786E-03      1      0      2     14      9      7
 -7.895501E-01  8.786699E-02  2.059472E-04      1      0      2     14      9      7
 -5.136950E-01  7.054243E-02  1.488091E-03      1      0      2     14      9      7
 -8.566410E-01  2.241100E-01  9.275719E-04      1      0      2     14      9      7
 -1.070466E+00  1.864705E-01  5.298412E-05      1      0      2     14      9      7
 -8.473257E-01  1.126340E-01  5.615484E-04      1      0      2     14      9      7
 -7.646310E-01  8.421702E-02  1.269279E-03      1      0      2     14      9      7
 -7.739036E-01  1.244833E-01  1.204956E-03      1      0      2     14      9      7
 -1.189866E+00  1.902138E-01  6.152574E-04      1      0      2     14      9      7
 -6.558219E-01 -2.133528E-02  2.131250E-03      1      0      2     14      9      7
 -8.613952E-01  1.901983E-01  1.615601E-03      1      0      2     14      9      7
 -1.350265E+00  1.522235E-01  3.757358E-04      1      0      2     14      9      7
 -1.020898E+00 -3.213647E-02  1.207583E-04      1      0      2     14      9      7
 -6.038960E-01 -6.609491E-02  1.637468E-03      1      0      2     14      9      7
 -1.337950E+00  1.651299E-01  1.767250E-04      1      0      2     14      9      7
 -1.308594E+00  2.579751E-01  2.060963E-04      1      0      2     14      9      7
 -9.458653E-01  1.940221E-01  6.882917E-05      1      0      2     14      9      7
 -1.214086E+00  1.768096E-01  3.955510E-03      1      0      2     14      9      7
 -7.971848E-01  1.338709E-01  2.519318E-03      1      0      2     14      9      7
 -7.689427E-01 -5.595041E-03  2.520241E-04      1      0      2     14      9      7
 -1.012487E+00  2.066321E-02  1.458272E-04      1      0      2     14      9      7
 -8.811954E-01  2.704431E-02  7.019231E-04      1      0      2     14      9      7
 -1.211892E+00  2.727003E-01  1.095408E-04      1      0      2     14      9      7
 -9.607006E-01  2.213983E-01  1.093420E-03      1      0      2     14      9      7
 -8.571865E-01  1.896196E-01  2.046196E-03      1      0      2     14      9      7
 -1.132639E+00  2.854143E-01  7.039819E-06      1      0      2     14      9      7
 -1.095416E+00  2.253509E-01  1.562921E-04      1      0      2     14      9      7
 -6.998845E-01 -1.614655E-02  2.679841E-03      1      0      2     14      9      7
 -6.433609E-01 -9.438673E-02  1.323804E-03      1      0      2     14      9      7
 -1.020307E+00  1.564728E-02  1.035416E-03      1      0      2     14      9      7
 -8.953121E-01  1.721797E-01  2.389820E-03      1      0      2     14      9      7
 -7.440095E-01  3.436900E-02  5.500682E-04      1      0      2     14      9      7
 -7.785714E-01  5.039503E-02  2.295891E-04      1      0      2     14      9      7
 -8.896965E-01 -6.233376E-02  5.183540E-04      1      0      2     14      9      7
 -5.285977E-01 -5.709011E-02  3.267055E-03      1      0      2     14      9      7
 -6.111357E-01 -1.483162E-02  2.657690E-03      1      0      2     14      9      7
 -2.506242E+00  4.515676E-01  6.398222E-03      1      0      2     14      9      7
 -9.181300E-01  1.537314E-01  1.571015E-03      1      0      2     14      9      7
 -1.899539E+00  3.721919E-01  3.277137E-04      1      0      2     14      9      7
 -1.130676E+00  6.424157E-02  3.987104E-05      1      0      2     14      9      7
 -1.202639E+00  2.346208E-01  4.019691E-04      1      0      2     14      9      7
 -1.737898E+00  2.587628E-01  8.207218E-04      1      0      2     14      9      7
 -7.001272E-01  1.019165E-01  1.556248E-03      1      0      2     14      9      7
 -9.371782E-01  1.660077E-01  2.691698E-03      1      0      2     14      9      7
 -1.824658E+00  2.249835E-01  1.675096E-06      1      1      2     14      7      1
 -2.208835E+00  4.400520E-01  1.313865E-06      1      1      2     14      7      1
 -1.376457E+00  1.192243E-01  1.940056E-05      1      1      2     14      7      1
 -1.298332E+00  5.831457E-02  5.027063E-05      1      1      2     14      7      1
 -1.276596E+00  3.435595E-01  4.553089E-05      1      1      2     14      7      1
 -1.319459E+00  8.035919E-02  7.133748E-05      1      1      2     14      7      1
 -1.262124E+00 -2.783795E-02  4.747762E-05      1      1      2     14      7      1
 -2.042355E+00  2.995695E-01  8.814950E-06      1      1      2     14      7      1
 -1.629976E+00  3.303523E-01  1.639243E-04      1      1      2     14      7      1
 -1.826186E+00  3.793646E-02  3.312138E-07      1      1      2     14      7      1
 -1.268956E+00  1.956352E-01  2.657335E-04      1      1      2     14      7      1
 -1.383517E+00  1.345491E-01  5.162951E-06      1      1      2     14      7      1
 -1.464234E+00  3.099154E-01  4.770197E-05      1      1      2     14      7      1
 -1.153644E+00  1.854600E-01  5.562804E-06      1      1      2     14      7      1
 -1.295812E+00 -9.432205E-02  1.374283E-04      1      1      2     14      7      1
 -1.291802E+00  2.489229E-01  1.905267E-04      1      1      2     14      7      1
 -1.405402E+00  1.995276E-01  1.200554E-04      1      1      2     14      7      1
 -1.480084E+00  3.227709E-01  4.618406E-05      1      1      2     14      7      1
 -1.289171E+00  1.995509E-01  2.461243E-05      1      1      2     14      7      1
 -1.343272E+00  9.513705E-02  8.737563E-05      1      1      2     14      7      1
 -1.236376E+00  1.521285E-01  9.152894E-05      1      1      2     14      7      1
 -1.710060E+00  3.838320E-01  1.329200E-05      1      1      2     14      7      1
 -1.433104E+00  2.132106E-01  2.998191E-04      1      1      2     14      7      1
 -1.457633E+00  1.768378E-01  6.408872E-05      1      1      2     14      7      1
 -1.740990E+00  2.939071E-01  1.009715E-06      1      1      2     14      7      1
 -1.788887E+00  3.381937E-01  1.607507E-05      1      1      2     14      7      1
 -1.210630E+00  1.010042E-01  1.689011E-05      1      1      2     14      7      1
 -1.279482E+00  2.174715E-01  8.203669E-05      1      1      2     14      7      1
 -1.169530E+00  1.796173E-01  8.268985E-05      1      1      2     14      7      1
 -1.671579E+00  3.515717E-01  6.384307E-05      1      1      2     14      7      1
 -1.536076E+00  3.023118E-01  6.178701E-07      1      1      2     14      7      1
 -1.584669E+00  2.597289E-01  6.391123E-05      1      1      2     14      7      1
 -2.489275E+00  4.591457E-01  2.034268E-06      1      1      2     14      7      1
 -1.161595E+00 -1.001272E-03  8.211478E-06      1      1      2     14      7      1
 -1.287572E+00  5.715138E-02  1.889719E-05      1      1      2     14      7      1
 -1.375710E+00  1.637289E-01  6.565065E-06      1      1      2     14      7      1
 -1.744539E+00  2.223384E-01  3.037523E-07      1      1      2     14      7      1
 -2.245026E+00  3.568991E-01  2.584919E-05      1      1      2     14      7      1
 -1.881429E+00 -1.233623E-02  2.389536E-07      1      1      2     14      7      1
 -1.282361E+00  1.422281E-01  9.174193E-05      1      1      2     14      7      1
 -1.448256E+00  3.862198E-03  6.756614E-06      1      1      2     14      7      1
 -1.347697E+00  2.322548E-01  4.573749E-06      1      1      2     14      7      1
 -1.464028E+00  2.115565E-01  1.729196E-05      1      1      2     14      7      1
 -1.580713E+00  2.769666E-01  2.108957E-06      1      1      2     14      7      1
 -1.430288E+00  9.286205E-02  3.812736E-06      1      1      2     14      7      1
 -1.405343E+00  1.591838E-01  1.715351E-06      1      1      2     14      7      1
 -1.845532E+00  3.519434E-01  1.957308E-05      1      1      2     14      7      1
 -1.469931E+00  3.786865E-01  1.075245E-04      1      1      2     14      7      1
 -1.623872E+00  2.543648E-01  1.056644E-05      1      1      2     14      7      1
 -1.454493E+00  3.050069E-01  1.052313E-05      1      1      2     14      7      1
 -1.741014E+00  3.333520E-01  4.508574E-05      1      1      2     14      7      1
 -1.089668E+00 -8.432829E-02  3.283455E-05      1      1      2     14      7      1
 -1.874708E+00  3.770034E-01  1.163068E-05      1      1      2     14      7      1
 -1.511854E+00  2.544498E-01  2.916048E-06      1      1      2     14      7      1
 -1.110225E+00  1.845590E-01  2.658471E-04      1      1      2     14      7      1
 -1.378694E+00  2.675290E-01  1.094840E-04      1      1      2     14      7      1
 -1.788477E+00  2.799341E-01  1.583652E-05      1      1      2     14      7      1
 -1.565182E+00  3.575902E-01  2.892192E-04      1      1      2     14      7      1
 -1.171740E+00 -1.227570E-01  4.662282E-05      1      1      2     14      7      1
 -1.123580E+00  2.862226E-01  8.761702E-05      1      1      2     14      7      1
 -1.304483E+00  1.531516E-01  1.022210E-05      1      1      2     14      7      1
 -1.686756E+00  3.930283E-01  7.397146E-06      1      1      2     14      7      1
 -1.320835E+00  1.671218E-01  3.043273E-05      1      1      2     14      7      1
 -1.305872E+00  2.612096E-01  3.509864E-05      1      1      2     14      7      1
 -1.285377E+00  1.035167E-01  7.862884E-05      1      1      2     14      7      1
 -2.117803E+00  3.344149E-01  1.064525E-04      1      1      2     14      7      1
 -1.403319E+00  1.832317E-01  2.207713E-06      1      1      2     14      7      1
 -1.342899E+00  1.626002E-01  3.404150E-05      1      1      2     14      7      1
 -2.230785E+00  4.203793E-01  8.555102E-05      1      1      2     14      7      1
 -1.378200E+00  3.325632E-01  8.753893E-05      1      1      2     14      7      1
 -2.588568E+00  4.350662E-01  1.517554E-04      1      1      2     14      7      1
