 -1.232739E+00  3.390170E-01  3.139680E-04      1      0      2     14      9      7
 -1.086280E+00  1.369135E-01  2.380136E-05      1      0      2     14      9      7
 -7.673414E-01 -1.081701E-01  4.678797E-05      1      0      2     14      9      7
 -1.230137E+00  2.321513E-01  1.272651E-05      1      0      2     14      9      7
 -1.206391E+00  2.220192E-01  3.760053E-04      1      0      2     14      9      7
 -6.788729E-01 -4.512244E-02  4.613805E-04      1      0      2     14      9      7
 -8.468068E-01  1.009574E-01  2.092460E-04      1      0      2     14      9      7
 -8.636656E-01  1.683829E-01  2.651032E-05      1      0      2     14      9      7
 -9.222771E-01  1.855077E-01  6.117176E-04      1      0      2     14      9      7
 -1.101367E+00  1.275452E-01  1.624610E-04      1      0      2     14      9      7
 -1.453143E+00  3.251200E-01  1.526857E-04      1      0      2     14      9      7
 -1.005988E+00  1.671922E-01  5.493258E-03      1      0      2     14      9      7
 -8.967855E-01  1.112207E-01  4.953238E-05      1      0      2     14      9      7
 -8.239831E-01 -7.038963E-03  9.201613E-05      1      0      2     14      9      7
 -1.159226E+00  1.353024E-01  2.300728E-04      1      0      2     14      9      7
 -1.065479E+00  2.350598E-01  6.440952E-03      1      0      2     14      9      7
 -6.042563E-01  5.211539E-02  4.638620E-03      1      0      2     14      9      7
 -5.822946E-01  1.093402E-01  2.133612E-03      1      0      2     14      9      7
 -9.788556E-01  1.172967E-01  3.937303E-04      1      0      2     14      9      7
 -1.027679E+00  1.066914E-01  3.503337E-04      1      0      2     14      9      7
 -1.011845E+00  1.525760E-01  3.591666E-04      1      0      2     14      9      7
 -9.674109E-01  8.381037E-02  3.799343E-04      1      0      2     14      9      7
 -7.960153E-01 -5.812876E-03  3.000539E-04      1      0      2     14      9      7
 -6.162276E-01 -5.557800E-02  9.095559E-05      1      0      2     14      9      7
 -1.276088E+00  2.753450E-01  1.136672E-03      1      0      2     14      9      7
 -7.718248E-01  1.465659E-01  2.545746E-03      1      0      2     14      9      7
 -1.081097E+00  7.110030E-02  3.889150E-05      1      0      2     14      9      7
 -1.391385E+00  3.341898E-01  1.894827E-03      1      0      2     14      9      7
 -8.163471E-01  1.151446E-01  3.216783E-05      1      0      2     14      9      7
 -7.941117E-01 -3.008850E-03  4.328138E-05      1      0      2     14      9      7
 -4.616141E-01  5.639026E-02  3.174834E-03      1      0      2     14      9      7
 -1.527122E+00  3.252649E-01  5.915998E-03      1      0      2     14      9      7
 -7.457931E-01  1.445546E-01  1.205001E-03      1      0      2     14      9      7
 -6.162718E-01  1.032012E-01  1.359474E-03      1      0      2     14      9      7
 -6.810660E-01  1.381915E-01  3.148542E-03      1      0      2     14      9      7
 -1.182798E+00  3.019866E-01  5.657214E-05      1      0      2     14      9      7
 -7.628195E-01 -1.159601E-01  2.889197E-04      1      0      2     14      9      7
 -1.388522E+00  3.304977E-01  2.857971E-04      1      0      2     14      9      7
 -9.897801E-01  1.882096E-01  8.898812E-05      1      0      2     14      9      7
 -5.660559E-01  7.723904E-02  2.255057E-04      1      0      2     14      9      7
 -6.515193E-01  5.396643E-02  1.378174E-03      1      0      2     14      9      7
 -8.701101E-01  3.773562E-02  6.554392E-05      1      0      2     14      9      7
 -8.554408E-01 -3.158243E-02  3.607028E-04      1      0      2     14      9      7
 -5.807344E-01  1.315431E-01  2.613899E-03      1      0      2     14      9      7
 -1.916188E+00  3.441602E-01  4.518681E-04      1      0      2     14      9      7
 -8.300343E-01 -2.089037E-02  3.235394E-04      1      0      2     14      9      7
 -6.369077E-01  1.147105E-01  1.193628E-03      1      0      2     14      9      7
 -1.133244E+00  1.357964E-01  6.759115E-05      1      0      2     14      9      7
 -8.237661E-01  4.576850E-02  4.249262E-04      1      0      2     14      9      7
 -8.348356E-01 -1.499812E-04  1.023321E-04      1      0      2     14      9      7
 -1.086481E+00  2.518769E-01  4.015292E-04      1      0      2     14      9      7
 -5.802309E-01  9.640689E-02  6.316286E-03      1      0      2     14      9      7
 -3.997765E+00  2.707107E-01  8.212265E-05      1      0      2     14      9      7
 -6.369244E-01 -2.325518E-03  1.779112E-04      1      0      2     14      9      7
 -4.322516E-01  1.002126E-01  4.340250E-03      1      0      2     14      9      7
 -1.147806E+00  2.696358E-01  2.239607E-03      1      0      2     14      9      7
 -7.535770E-01 -2.943586E-02  5.490304E-04      1      0      2     14      9      7
 -8.651967E-01 -8.438127E-02  2.595524E-04      1      0      2     14      9      7
 -1.071556E+00  1.937147E-01  1.032006E-05      1      0      2     14      9      7
 -6.833298E-01  2.420790E-03  4.338182E-05      1      0      2     14      9      7
 -9.904227E-01  1.385644E-01  2.356207E-03      1      0      2     14      9      7
 -8.830277E-01  1.192452E-03  4.791941E-04      1      0      2     14      9      7
 -5.697240E-01  1.547984E-01  4.785737E-03      1      0      2     14      9      7
 -9.231761E-01  1.735264E-01  3.481180E-04      1      0      2     14      9      7
 -7.298823E-01 -3.036837E-02  3.048692E-04      1      0      2     14      9      7
 -7.043658E-01 -2.890521E-02  7.089685E-04      1      0      2     14      9      7
 -8.305796E-01  1.797939E-02  1.883453E-05      1      0      2     14      9      7
 -1.188003E+00  1.024901E-01  8.476367E-06      1      0      2     14      9      7
 -1.340812E+00  2.204744E-01  4.608487E-03      1      0      2     14      9      7
 -8.157196E-01  1.011854E-01  3.733761E-04      1      0      2     14      9      7
 -7.348644E-01  4.198490E-02  4.558267E-05      1      0      2     14      9      7
 -8.391390E-01 -2.318402E-02  1.351291E-04      1      0      2     14      9      7
 -9.633146E-01  1.077989E-01  5.869618E-03      1      0      2     14      9      7
 -6.235742E-01  2.116734E-01  1.322606E-03      1      0      2     14      9      7
 -8.479271E-01 -1.424418E-02  2.265692E-04      1      0      2     14      9      7
 -7.053929E-01 -7.575874E-02  1.802125E-04      1      0      2     14      9      7
 -1.624711E+00  4.264941E-01  2.851236E-03      1      0      2     14      9      7
 -9.018947E-01  1.238651E-01  6.455427E-05      1      0      2     14      9      7
 -5.505511E-01  3.387132E-03  1.841829E-03      1      0      2     14      9      7
 -8.733039E-01  3.398947E-02  1.487862E-04      1      0      2     14      9      7
 -8.157226E-01  4.027537E-02  4.555903E-05      1      0      2     14      9      7
 -5.268929E-01  1.888064E-01  5.561499E-03      1      0      2     14      9      7
 -1.095403E+00  2.413063E-01  3.308953E-04      1      0      2     14      9      7
 -8.991226E-01  2.927581E-01  2.275027E-03      1      0      2     14      9      7
 -2.350577E+00  4.902576E-01  1.533267E-04      1      0      2     14      9      7
 -1.148142E+00  1.471687E-01  2.534698E-04      1      0      2     14      9      7
 -7.910940E-01 -2.909537E-02  2.613219E-04      1      0      2     14      9      7
 -1.032911E+00  1.348251E-01  1.558703E-04      1      0      2     14      9      7
 -9.538941E-01 -1.319501E-04  2.434906E-05      1      0      2     14      9      7
 -4.832544E-01  1.117590E-02  6.473152E-03      1      0      2     14      9      7
 -1.052491E+00  1.016145E-01  1.788832E-04      1      0      2     14      9      7
 -1.448721E+00  2.726605E-01  1.911607E-05      1      0      2     14      9      7
 -8.979432E-01  2.295217E-01  4.999027E-03      1      0      2     14      9      7
 -8.201026E-01  7.922271E-02  2.837026E-03      1      0      2     14      9      7
 -1.156043E+00  3.933589E-01  5.702117E-04      1      0      2     14      9      7
 -6.379817E-01  2.411705E-01  1.563104E-03      1      0      2     14      9      7
 -1.446819E+00  2.845725E-01  1.311971E-04      1      0      2     14      9      7
 -6.038069E-01  7.769665E-02  4.130209E-03      1      0      2     14      9      7
 -6.804207E-01  4.786180E-04  4.559153E-05      1      0      2     14      9      7
 -1.200006E+00  2.465336E-01  1.768330E-04      1      0      2     14      9      7
 -1.141282E+00  1.117618E-01  2.244274E-05      1      0      2     14      9      7
 -9.464462E-01  2.103036E-01  3.565079E-03      1      0      2     14      9      7
 -9.380377E-01  2.432259E-01  9.820214E-05      1      0      2     14      9      7
 -6.991139E-01  2.041030E-01  5.582473E-03      1      0      2     14      9      7
 -8.190557E-01  6.091519E-02  5.388090E-04      1      0      2     14      9      7
 -8.237936E-01  2.060041E-01  3.208807E-03      1      0      2     14      9      7
 -7.686639E-01  5.198246E-02  2.869729E-04      1      0      2     14      9      7
 -7.111108E-01 -8.628577E-02  2.582319E-04      1      0      2     14      9      7
 -6.354864E-01  5.087890E-02  1.182934E-03      1      0      2     14      9      7
 -8.793607E-01  1.322887E-01  3.204080E-04      1      0      2     14      9      7
 -1.276088E+00  2.753450E-01  1.136672E-03      1      0      2     14      9      7
 -9.033036E-01  2.495510E-01  6.547597E-04      1      0      2     14      9      7
 -1.242583E+00  1.679827E-01  2.231217E-05      1      0      2     14      9      7
 -8.541803E-01  1.672478E-02  8.614917E-05      1      0      2     14      9      7
 -7.392097E-01  1.982706E-01  1.508393E-03      1      0      2     14      9      7
 -1.205342E+00  9.360100E-02  1.322636E-04      1      0      2     14      9      7
 -9.798535E-01  1.748486E-03  8.126004E-05      1      0      2     14      9      7
 -7.279076E-01  2.703803E-02  5.737567E-04      1      0      2     14      9      7
 -7.448814E-01 -4.243523E-03  2.687664E-05      1      0      2     14      9      7
 -2.357207E+00  4.820197E-01  6.240069E-05      1      0      2     14      9      7
 -7.668677E-01 -1.355214E-01  2.887129E-04      1      0      2     14      9      7
 -1.266932E+00  2.992010E-01  1.970365E-04      1      0      2     14      9      7
 -9.113160E-01  8.016767E-02  1.652438E-04      1      0      2     14      9      7
 -6.117160E-01  9.117135E-02  2.159401E-03      1      0      2     14      9      7
 -5.251052E-01  5.782844E-02  9.679596E-04      1      0      2     14      9      7
 -1.016888E+00  2.163485E-01  1.911813E-05      1      0      2     14      9      7
 -1.190100E+00  2.489514E-01  3.566851E-04      1      0      2     14      9      7
 -7.538538E-01 -3.997131E-02  3.103934E-05      1      0      2     14      9      7
 -1.045719E+00  2.534486E-01  8.168544E-05      1      0      2     14      9      7
 -1.250362E+00  2.431375E-01  1.906555E-05      1      0      2     14      9      7
 -1.099704E+00  5.906384E-02  2.196210E-05      1      0      2     14      9      7
 -8.696211E-01  1.400156E-01  5.214090E-05      1      0      2     14      9      7
 -1.006997E+00  2.554005E-01  4.070535E-04      1      0      2     14      9      7
 -1.251893E+00  2.617645E-01  2.403415E-04      1      0      2     14      9      7
 -7.969213E-01  1.949744E-03  8.055104E-05      1      0      2     14      9      7
 -1.101901E+00  1.039111E-01  3.964776E-04      1      0      2     14      9      7
 -9.787587E-01  1.946154E-01  1.597609E-04      1      0      2     14      9      7
 -1.783712E+00  3.122716E-01  4.228583E-04      1      0      2     14      9      7
 -9.596687E-01  1.769731E-01  1.313714E-03      1      0      2     14      9      7
 -9.157684E-01  8.084992E-02  5.898568E-03      1      0      2     14      9      7
 -8.801789E-01  1.906990E-01  1.275753E-03      1      0      2     14      9      7
 -1.101969E+00  3.204466E-01  4.757377E-04      1      0      2     14      9      7
 -1.301807E+00  3.299399E-01  3.247802E-04      1      0      2     14      9      7
 -8.801143E-01 -2.741310E-02  1.989714E-04      1      0      2     14      9      7
 -1.054739E+00  6.030425E-02  1.746676E-04      1      0      2     14      9      7
 -9.546436E-01  1.922152E-01  1.186922E-04      1      0      2     14      9      7
 -1.041879E+00  1.271284E-01  1.344940E-05      1      0      2     14      9      7
 -1.368082E+00  2.404950E-01  3.465819E-03      1      0      2     14      9      7
 -7.435373E-01 -5.410187E-02  6.543461E-04      1      0      2     14      9      7
 -9.382943E-01  7.782580E-02  2.525717E-04      1      0      2     14      9      7
 -9.709885E-01  1.447968E-01  2.974247E-03      1      0      2     14      9      7
 -9.477262E-01  2.176676E-02  3.014423E-04      1      0      2     14      9      7
 -7.644061E-01 -1.233777E-02  1.717134E-04      1      0      2     14      9      7
 -7.854214E-01  1.514837E-01  2.199637E-03      1      0      2     14      9      7
 -1.339121E+00  3.584005E-01  3.976002E-04      1      0      2     14      9      7
 -3.975442E+00  4.146022E-01  2.230656E-04      1      0      2     14      9      7
 -7.399432E-01  2.887657E-02  7.166493E-04      1      0      2     14      9      7
 -6.491323E-01  1.342948E-01  5.058406E-03      1      0      2     14      9      7
 -1.243717E+00  2.231911E-01  2.471006E-04      1      0      2     14      9      7
 -1.025218E+00  2.664520E-01  7.377125E-05      1      0      2     14      9      7
 -1.244458E+00  2.108574E-01  4.982484E-04      1      0      2     14      9      7
 -8.591250E-01 -5.106307E-02  2.238957E-05      1      0      2     14      9      7
 -7.083981E-01 -6.231307E-02  3.313384E-04      1      0      2     14      9      7
 -6.815673E-01 -4.133977E-02  1.969419E-04      1      0      2     14      9      7
 -8.252064E-01  6.989697E-03  2.168884E-04      1      0      2     14      9      7
 -1.058214E+00  2.491997E-01  3.011765E-03      1      0      2     14      9      7
 -5.697240E-01  1.547984E-01  4.785737E-03      1      0      2     14      9      7
 -1.239946E+00  2.515293E-01  3.299204E-04      1      0      2     14      9      7
 -8.177965E-01  2.630940E-02  4.175408E-04      1      0      2     14      9      7
 -6.160450E-01  6.303310E-02  7.664860E-04      1      0      2     14      9      7
 -1.015465E+00  1.400587E-01  7.087322E-05      1      0      2     14      9      7
 -1.312343E+00  4.102381E-01  2.061382E-04      1      0      2     14      9      7
 -6.997240E-01 -6.633589E-02  5.888524E-05      1      0      2     14      9      7
 -1.067135E+00  2.503359E-01  4.618532E-04      1      0      2     14      9      7
 -1.008361E+00  1.708060E-01  8.899994E-04      1      0      2     14      9      7
 -7.423648E-01 -2.397161E-02  3.235099E-04      1      0      2     14      9      7
 -1.518090E+00  3.260229E-01  3.529629E-04      1      0      2     14      9      7
 -1.650654E+00  4.382625E-01  3.171585E-05      1      0      2     14      9      7
 -9.534879E-01 -4.650555E-02  3.952960E-04      1      0      2     14      9      7
 -9.165113E-01  1.089190E-01  4.652209E-04      1      0      2     14      9      7
 -1.548276E+00  2.984568E-01  1.671227E-04      1      0      2     14      9      7
 -7.535727E-01  1.646656E-01  6.878167E-04      1      0      2     14      9      7
 -8.490999E-01 -4.703184E-05  6.331943E-05      1      0      2     14      9      7
 -8.069274E-01  2.027329E-02  2.903613E-05      1      0      2     14      9      7
 -1.151243E+00  2.314935E-01  1.467744E-04      1      0      2     14      9      7
 -1.113230E+00  1.818775E-01  3.373945E-04      1      0      2     14      9      7
 -1.244240E+00  2.429850E-02  3.012651E-05      1      0      2     14      9      7
 -1.202638E+00  2.774111E-01  4.151774E-04      1      0      2     14      9      7
 -1.153741E+00  1.239739E-01  3.772461E-05      1      0      2     14      9      7
 -1.098498E+00  1.579764E-01  2.264628E-04      1      0      2     14      9      7
 -8.977746E-01  2.836081E-02  7.889081E-05      1      0      2     14      9      7
 -9.031298E-01  1.317534E-01  1.061577E-04      1      0      2     14      9      7
 -5.535172E-01  4.109780E-02  5.471988E-03      1      0      2     14      9      7
 -8.455620E-01  3.696224E-03  8.307685E-05      1      0      2     14      9      7
 -1.085332E+00  1.382184E-01  6.392209E-05      1      0      2     14      9      7
 -5.302686E-01  1.363063E-01  1.470226E-03      1      0      2     14      9      7
 -5.175183E-01  5.921821E-02  3.139975E-03      1      0      2     14      9      7
 -1.486612E+00  3.096167E-01  2.605273E-05      1      0      2     14      9      7
 -1.018395E+00  2.303508E-01  4.449554E-05      1      0      2     14      9      7
 -9.013060E-01  7.632005E-02  4.575105E-04      1      0      2     14      9      7
 -8.511026E-01 -4.030395E-03  7.837973E-05      1      0      2     14      9      7
 -5.370367E-01  9.149220E-02  6.440066E-04      1      0      2     14      9      7
 -6.492946E-01  2.614146E-02  6.517465E-03      1      0      2     14      9      7
 -1.137529E+00  2.158937E-01  1.756454E-04      1      0      2     14      9      7
 -1.104020E+00  1.274093E-01  4.494457E-05      1      0      2     14      9      7
 -1.003022E+00  2.320082E-01  1.095697E-04      1      0      2     14      9      7
 -6.724605E-01  2.667889E-02  4.266987E-04      1      0      2     14      9      7
 -6.775364E-01  6.958464E-02  6.865760E-04      1      0      2     14      9      7
 -7.988832E-01 -5.236932E-02  5.188980E-05      1      0      2     14      9      7
 -6.660769E-01  9.937282E-02  4.577764E-04      1      0      2     14      9      7
 -8.534363E-01  1.531103E-01  5.060474E-03      1      0      2     14      9      7
 -9.562095E-01  3.320667E-02  1.025329E-04      1      0      2     14      9      7
 -1.255623E+00  1.219352E-01  5.554114E-04      1      0      2     14      9      7
 -5.338575E-01  1.494340E-01  3.820318E-03      1      0      2     14      9      7
 -6.513000E-01  9.772297E-02  4.549700E-03      1      0      2     14      9      7
 -1.202022E+00  2.001774E-01  6.953499E-05      1      0      2     14      9      7
 -8.522811E-01  2.051433E-01  5.565339E-03      1      0      2     14      9      7
 -1.123354E+00  1.115547E-01  3.942620E-05      1      0      2     14      9      7
 -2.153078E+00  3.730793E-01  2.074233E-04      1      0      2     14      9      7
 -9.366415E-01  1.755715E-01  3.246029E-04      1      0      2     14      9      7
 -7.658361E-01  9.216181E-02  3.385761E-05      1      0      2     14      9      7
 -1.007914E+00  2.627545E-01  3.284434E-03      1      0      2     14      9      7
 -1.120817E+00  1.704801E-01  3.760349E-05      1      0      2     14      9      7
 -8.736491E-01 -1.625645E-02  3.474386E-04      1      0      2     14      9      7
 -1.064894E+00  1.467374E-01  1.146361E-04      1      0      2     14      9      7
 -8.706964E-01  1.660684E-01  6.104769E-03      1      0      2     14      9      7
 -9.350247E-01  2.083770E-01  2.121145E-04      1      0      2     14      9      7
 -1.083801E+00  1.748122E-01  3.034807E-03      1      0      2     14      9      7
 -5.921492E-01  9.317844E-02  1.968563E-03      1      0      2     14      9      7
 -1.047856E+00  7.252399E-02  1.193007E-04      1      0      2     14      9      7
 -7.223933E-01  1.116245E-01  6.480833E-03      1      0      2     14      9      7
 -7.587155E-01  4.222289E-02  7.072256E-04      1      0      2     14      9      7
 -7.111511E-01  1.427844E-01  1.508305E-03      1      0      2     14      9      7
 -9.914726E-01  1.700859E-01  9.879593E-05      1      0      2     14      9      7
 -4.961134E-01  1.036859E-01  9.443559E-04      1      0      2     14      9      7
 -8.534363E-01  1.531103E-01  5.060474E-03      1      0      2     14      9      7
 -8.825569E-01  9.597995E-02  4.757377E-04      1      0      2     14      9      7
 -1.096330E+00  1.964571E-01  1.967499E-04      1      0      2     14      9      7
 -1.417345E+00  3.622263E-01  1.256965E-04      1      0      2     14      9      7
 -7.022121E-01  5.660690E-02  5.253380E-03      1      0      2     14      9      7
 -8.733956E-01  4.134557E-02  9.833213E-05      1      0      2     14      9      7
 -9.775482E-01  8.309193E-02  6.636222E-05      1      0      2     14      9      7
 -2.409381E+00  5.287963E-01  2.244452E-04      1      0      2     14      9      7
 -6.802228E-01  2.308034E-02  1.155106E-04      1      0      2     14      9      7
 -1.168535E+00  2.234320E-01  1.926200E-04      1      0      2     14      9      7
 -4.346585E-01  7.283672E-02  2.521286E-03      1      0      2     14      9      7
 -9.051280E-01  1.371534E-01  3.811751E-04      1      0      2     14      9      7
 -6.204304E-01  7.271892E-02  2.242265E-03      1      0      2     14      9      7
 -6.849519E-01 -9.455590E-02  2.248528E-04      1      0      2     14      9      7
 -1.080519E+00  2.442900E-01  3.350902E-04      1      0      2     14      9      7
 -9.064110E-01  1.991874E-01  1.585586E-03      1      0      2     14      9      7
 -1.337285E+00  2.966889E-01  5.709798E-03      1      0      2     14      9      7
 -1.780972E+00  2.381302E-01  2.194615E-03      1      0      2     14      9      7
 -9.123193E-01  8.362240E-02  3.496247E-05      1      0      2     14      9      7
 -7.261169E-01  2.538823E-01  5.798422E-03      1      0      2     14      9      7
 -8.072679E-01 -9.094409E-02  5.833873E-05      1      0      2     14      9      7
 -5.969044E-01 -3.745626E-02  5.204637E-04      1      0      2     14      9      7
 -5.586218E-01  1.495360E-01  4.329319E-03      1      0      2     14      9      7
 -1.173632E+00  1.781978E-01  2.031752E-04      1      0      2     14      9      7
 -1.282913E+00  2.294531E-01  1.130320E-04      1      0      2     14      9      7
 -8.809050E-01 -5.287284E-02  1.065447E-04      1      0      2     14      9      7
 -9.318716E-01  1.130380E-01  2.103036E-05      1      0      2     14      9      7
 -1.408061E+00  3.096316E-01  2.274791E-05      1      0      2     14      9      7
 -6.558199E-01  6.131272E-02  7.492632E-04      1      0      2     14      9      7
 -1.255951E+00  3.215834E-01  1.323729E-04      1      0      2     14      9      7
 -5.399177E-01  8.451399E-02  4.004657E-03      1      0      2     14      9      7
 -8.734933E-01 -9.917479E-02  1.403462E-04      1      0      2     14      9      7
 -9.662961E-01  1.731621E-01  3.724899E-03      1      0      2     14      9      7
 -1.398672E+00  2.606340E-01  1.136878E-05      1      0      2     14      9      7
 -1.189213E+00  2.421905E-01  5.662531E-04      1      0      2     14      9      7
 -8.948768E-01  8.829708E-02  3.326678E-04      1      0      2     14      9      7
 -5.058144E-01  2.030542E-02  4.597262E-03      1      0      2     14      9      7
 -9.888860E-01  2.065280E-01  2.174674E-03      1      0      2     14      9      7
 -1.917137E+00  3.888850E-01  3.391965E-05      1      0      2     14      9      7
 -7.654472E-01 -2.652852E-03  4.298891E-05      1      0      2     14      9      7
 -5.309387E-01  1.173801E-01  4.144094E-03      1      0      2     14      9      7
 -1.899428E+00  2.894579E-01  8.144024E-04      1      0      2     14      9      7
 -9.239927E-01  1.410498E-01  1.429015E-03      1      0      2     14      9      7
 -1.191323E+00  1.685867E-01  9.441491E-05      1      0      2     14      9      7
 -9.538875E-01  1.547511E-01  3.035398E-03      1      0      2     14      9      7
 -1.161174E+00  2.240015E-01  2.313106E-05      1      0      2     14      9      7
 -5.145850E-01  8.972269E-02  5.710389E-04      1      0      2     14      9      7
 -6.389549E-01 -5.071162E-02  7.067824E-04      1      0      2     14      9      7
 -8.418348E-01  1.191426E-01  3.486794E-05      1      0      2     14      9      7
 -1.189962E+00  3.052577E-02  2.441642E-05      1      0      2     14      9      7
 -8.586962E-01  1.611516E-01  1.701625E-03      1      0      2     14      9      7
 -2.282269E+00  3.982217E-01  3.592257E-04      1      0      2     14      9      7
 -1.192404E+00  3.279181E-01  1.713353E-04      1      0      2     14      9      7
 -4.432294E-01  9.619321E-02  3.025354E-03      1      0      2     14      9      7
 -9.455480E-01  1.078231E-01  4.500070E-04      1      0      2     14      9      7
 -1.028171E+00  1.705270E-01  9.096741E-05      1      0      2     14      9      7
 -9.159779E-01  7.366606E-02  7.410803E-05      1      0      2     14      9      7
 -8.020397E-01  1.028227E-01  5.489122E-03      1      0      2     14      9      7
 -1.081561E+00  2.975812E-02  2.573515E-05      1      0      2     14      9      7
 -9.526975E-01  3.161863E-02  3.127272E-05      1      0      2     14      9      7
 -9.171665E-01  1.065045E-01  6.867532E-04      1      0      2     14      9      7
 -7.917246E-01  6.214816E-02  8.077851E-05      1      0      2     14      9      7
 -8.817502E-01  8.810222E-03  6.351145E-05      1      0      2     14      9      7
 -7.502208E-01  1.961666E-02  7.155268E-04      1      0      2     14      9      7
 -8.917957E-01  1.771188E-01  1.768802E-04      1      0      2     14      9      7
 -1.451363E+00  3.379891E-01  5.707139E-03      1      0      2     14      9      7
 -1.419797E+00  4.158042E-01  1.484199E-04      1      0      2     14      9      7
 -1.410545E+00  2.106904E-01  5.217930E-05      1      0      2     14      9      7
 -7.324358E-01 -4.498030E-03  4.197564E-04      1      0      2     14      9      7
 -5.977754E-01  4.326306E-02  6.151444E-03      1      0      2     14      9      7
 -1.104190E+00  2.050035E-01  3.141452E-04      1      0      2     14      9      7
 -2.465317E+00  5.617964E-01  3.939370E-04      1      0      2     14      9      7
 -4.836649E-01  1.475404E-01  3.036284E-03      1      0      2     14      9      7
 -1.235134E+00  2.605061E-01  1.341070E-04      1      0      2     14      9      7
 -7.580122E-01 -3.786607E-03  2.653484E-05      1      0      2     14      9      7
 -8.684136E-01  1.537787E-01  4.520158E-04      1      0      2     14      9      7
 -1.575991E+00  2.987057E-01  8.967939E-05      1      0      2     14      9      7
 -6.773797E-01  1.630952E-03  2.664592E-03      1      0      2     14      9      7
 -4.923529E-01  4.069768E-02  1.785375E-03      1      0      2     14      9      7
 -6.386019E-01  2.090300E-03  2.590383E-05      1      0      2     14      9      7
 -9.599316E-01 -1.045662E-01  9.303827E-06      1      0      2     14      9      7
 -8.753366E-01  3.700678E-02  1.803662E-04      1      0      2     14      9      7
 -8.357226E-01  1.049696E-01  1.922360E-04      1      0      2     14      9      7
 -1.018657E+00  6.208480E-02  2.808962E-04      1      0      2     14      9      7
 -7.569408E-01 -4.686238E-02  5.540229E-04      1      0      2     14      9      7
 -7.476240E-01 -1.101925E-03  6.491173E-04      1      0      2     14      9      7
 -4.454519E-01  6.109689E-02  6.113040E-03      1      0      2     14      9      7
 -8.373642E-01  5.868382E-02  4.444827E-05      1      0      2     14      9      7
 -5.665446E-01  3.119556E-02  2.090126E-04      1      0      2     14      9      7
 -8.365987E-01  1.545683E-02  3.295659E-05      1      0      2     14      9      7
 -5.399177E-01  8.451399E-02  4.004657E-03      1      0      2     14      9      7
 -8.475151E-01 -1.091163E-02  2.329738E-05      1      0      2     14      9      7
 -6.729286E-01  1.957734E-01  1.078120E-03      1      0      2     14      9      7
 -9.551999E-01  1.693168E-01  3.830657E-03      1      0      2     14      9      7
 -9.624521E-01  2.195285E-03  6.140514E-05      1      0      2     14      9      7
 -1.255864E+00  2.237711E-01  1.267452E-04      1      0      2     14      9      7
 -1.787347E+00  3.657812E-01  7.261322E-05      1      0      2     14      9      7
 -6.618816E-01 -5.280542E-02  1.928416E-04      1      0      2     14      9      7
 -7.170505E-01  5.450410E-02  2.087556E-03      1      0      2     14      9      7
 -1.197879E+00  2.532900E-01  4.023859E-05      1      0      2     14      9      7
 -9.231289E-01  5.078595E-02  4.763876E-04      1      0      2     14      9      7
 -9.006049E-01  9.554168E-02  4.670820E-04      1      0      2     14      9      7
 -8.787634E-01  7.998087E-02  5.168005E-05      1      0      2     14      9      7
 -1.011228E+00  6.525612E-02  4.266100E-05      1      0      2     14      9      7
 -7.002403E-01  1.127698E-01  6.548188E-04      1      0      2     14      9      7
 -1.192887E+00  2.950691E-01  6.068433E-03      1      0      2     14      9      7
 -9.211723E-01  2.535474E-01  8.906788E-04      1      0      2     14      9      7
 -5.898529E-01  7.307170E-02  2.993449E-03      1      0      2     14      9      7
 -1.678468E+00  3.993260E-01  2.145871E-04      1      0      2     14      9      7
 -6.742954E-01  1.335809E-01  4.152956E-03      1      0      2     14      9      7
 -8.858761E-01 -3.863501E-02  8.690544E-05      1      0      2     14      9      7
 -9.528234E-01  1.056171E-01  1.492677E-04      1      0      2     14      9      7
 -9.516168E-01  2.913958E-01  6.216436E-04      1      0      2     14      9      7
 -1.514190E+00  1.919511E-01  8.207538E-06      1      0      2     14      9      7
 -1.435242E+00  3.513082E-01  4.913357E-04      1      0      2     14      9      7
 -1.271997E+00  1.449904E-01  4.412036E-04      1      0      2     14      9      7
 -8.462375E-01  6.510913E-02  1.035580E-04      1      0      2     14      9      7
 -1.109633E+00  3.006914E-01  4.321343E-03      1      0      2     14      9      7
 -1.247229E+00  2.951021E-01  1.796099E-05      1      0      2     14      9      7
 -5.963832E-01 -1.130289E-03  4.983075E-04      1      0      2     14      9      7
 -6.311591E-01  1.639536E-01  6.714507E-04      1      0      2     14      9      7
 -9.169749E-01 -1.158072E-02  4.035676E-05      1      0      2     14      9      7
 -1.569818E+00  3.389651E-01  1.530904E-04      1      0      2     14      9      7
 -1.189283E+00  5.006598E-02  2.497948E-05      1      0      2     14      9      7
 -7.790409E-01  1.068947E-01  3.662270E-03      1      0      2     14      9      7
 -8.637762E-01  2.070439E-01  5.079085E-03      1      0      2     14      9      7
 -5.725510E-01  1.399455E-01  2.313313E-03      1      0      2     14      9      7
 -1.032625E+00 -1.380029E-02  1.194691E-04      1      0      2     14      9      7
 -1.109289E+00  9.660918E-02  3.912783E-04      1      0      2     14      9      7
 -6.840028E-01 -8.390033E-02  6.837400E-05      1      0      2     14      9      7
 -7.018873E-01 -7.236645E-02  2.250892E-04      1      0      2     14      9      7
 -7.059244E-01 -1.266238E-01  1.587742E-04      1      0      2     14      9      7
 -8.573090E-01  7.753938E-02  4.773920E-04      1      0      2     14      9      7
 -5.802309E-01  9.640689E-02  6.316286E-03      1      0      2     14      9      7
 -4.801885E-01  7.106584E-02  3.390783E-03      1      0      2     14      9      7
 -6.811372E-01  7.955162E-02  1.587506E-03      1      0      2     14      9      7
 -9.589161E-01  8.879210E-02  3.308362E-05      1      0      2     14      9      7
 -6.649372E-01  1.173777E-01  3.562420E-04      1      0      2     14      9      7
 -6.684967E-01  9.872944E-02  9.741929E-04      1      0      2     14      9      7
 -1.036023E+00  3.058000E-02  6.760001E-06      1      0      2     14      9      7
 -9.475045E-01  2.226756E-01  5.023251E-04      1      0      2     14      9      7
 -9.367478E-01  1.457227E-01  4.678501E-05      1      0      2     14      9      7
 -5.372356E-01  8.149852E-02  2.194526E-03      1      0      2     14      9      7
 -6.782065E-01  1.475340E-01  3.574827E-03      1      0      2     14      9      7
 -9.747759E-01 -5.865630E-03  1.986317E-04      1      0      2     14      9      7
 -5.157825E-01  4.929608E-02  4.996664E-03      1      0      2     14      9      7
 -7.093833E-01 -1.121138E-01  5.609356E-04      1      0      2     14      9      7
 -1.910548E+00  3.822428E-01  4.147343E-05      1      0      2     14      9      7
 -7.596518E-01 -1.335498E-02  3.179856E-04      1      0      2     14      9      7
 -1.694069E+00  2.804860E-01  1.159035E-04      1      0      2     14      9      7
 -1.246516E+00  2.702333E-01  5.756178E-04      1      0      2     14      9      7
 -7.835414E-01 -1.017722E-01  1.790486E-04      1      0      2     14      9      7
 -7.389604E-01  1.453383E-01  6.438884E-03      1      0      2     14      9      7
 -4.735504E-01  4.586544E-02  6.252477E-03      1      0      2     14      9      7
 -9.967753E-01  2.876115E-01  1.746115E-04      1      0      2     14      9      7
 -9.844366E-01  1.302761E-01  2.238455E-04      1      0      2     14      9      7
 -9.972450E-01  1.298862E-01  3.227418E-04      1      0      2     14      9      7
 -6.909305E-01 -2.331944E-02  2.883466E-04      1      0      2     14      9      7
 -5.199012E-01 -2.612335E-02  7.093526E-04      1      0      2     14      9      7
 -1.122904E+00  1.072238E-01  2.583146E-05      1      0      2     14      9      7
 -5.704668E-01  2.485196E-02  1.913852E-04      1      0      2     14      9      7
 -1.214709E+00  2.590592E-01  1.546118E-03      1      0      2     14      9      7
 -1.072609E+00  2.402903E-02  1.463874E-04      1      0      2     14      9      7
 -5.680292E-01  1.177542E-02  6.006100E-03      1      0      2     14      9      7
 -1.370264E+00  3.271219E-01  6.264589E-05      1      0      2     14      9      7
 -7.477893E-01 -6.428291E-03  8.402808E-05      1      0      2     14      9      7
 -1.040819E+00  2.291659E-01  7.282592E-05      1      0      2     14      9      7
 -1.066508E+00  1.802263E-01  5.373024E-05      1      0      2     14      9      7
 -1.374186E+00  1.243902E-01  1.617047E-05      1      0      2     14      9      7
 -1.310678E+00  1.425370E-01  8.528065E-05      1      0      2     14      9      7
 -4.293450E-01 -7.800919E-03  1.688390E-03      1      0      2     14      9      7
 -4.722318E-01  1.773310E-01  1.453948E-03      1      0      2     14      9      7
 -9.619798E-01  1.661944E-01  4.085897E-04      1      0      2     14      9      7
 -1.871928E+00  3.137108E-01  6.575071E-05      1      0      2     14      9      7
 -7.506884E-01  1.038139E-01  4.194314E-03      1      0      2     14      9      7
 -8.434948E-01  8.320231E-03  6.650697E-04      1      0      2     14      9      7
 -9.253579E-01  4.641834E-02  3.641296E-04      1      0      2     14      9      7
 -6.858498E-01  1.530699E-01  3.174834E-03      1      0      2     14      9      7
 -1.456426E+00  3.951295E-01  5.582178E-04      1      0      2     14      9      7
 -6.452259E-01  4.169504E-02  2.880600E-03      1      0      2     14      9      7
 -7.448163E-01  1.494778E-02  3.136726E-04      1      0      2     14      9      7
 -7.329735E-01 -5.213909E-02  1.284734E-04      1      0      2     14      9      7
 -8.501040E-01 -4.027697E-02  1.605733E-04      1      0      2     14      9      7
 -6.338695E-01  1.993778E-01  1.142875E-03      1      0      2     14      9      7
 -1.561358E+00  3.245639E-01  1.913615E-04      1      0      2     14      9      7
 -6.995849E-01 -7.369429E-03  6.442429E-04      1      0      2     14      9      7
 -4.532326E-01  4.975563E-02  1.324349E-03      1      0      2     14      9      7
 -6.648685E-01 -8.973619E-02  2.009330E-04      1      0      2     14      9      7
 -6.658923E-01  1.278711E-01  6.010531E-03      1      0      2     14      9      7
 -1.247758E+00  2.528731E-01  2.176476E-04      1      0      2     14      9      7
 -7.784669E-01 -2.938166E-02  5.102127E-05      1      0      2     14      9      7
 -1.270788E+00  2.032982E-01  5.132260E-04      1      0      2     14      9      7
 -4.989244E-01  1.036001E-01  6.062229E-03      1      0      2     14      9      7
 -1.423032E+00  3.163718E-01  1.100276E-04      1      0      2     14      9      7
 -9.991661E-01  2.601660E-01  2.324332E-04      1      0      2     14      9      7
 -1.260373E+00  2.112815E-01  1.248516E-04      1      0      2     14      9      7
 -1.134682E+00 -6.766765E-02  8.239444E-06      1      0      2     14      9      7
 -6.143054E-01  1.719153E-01  2.205929E-03      1      0      2     14      9      7
 -9.596933E-01  9.176140E-02  2.434227E-04      1      0      2     14      9      7
 -7.785067E-01  7.326216E-02  5.742884E-04      1      0      2     14      9      7
 -7.873247E-01  4.337481E-02  3.764189E-03      1      0      2     14      9      7
 -1.572942E+00  3.979444E-01  8.807233E-04      1      0      2     14      9      7
 -1.042588E+00  9.654313E-02  3.505109E-04      1      0      2     14      9      7
 -1.711299E+00  3.631790E-01  1.776867E-03      1      0      2     14      9      7
 -1.028572E+00  5.992695E-03  2.485422E-05      1      0      2     14      9      7
 -1.487670E+00  3.436512E-01  1.532824E-04      1      0      2     14      9      7
 -8.377696E-01  9.778010E-02  2.522881E-04      1      0      2     14      9      7
 -5.541837E-01  1.434395E-01  5.248654E-03      1      0      2     14      9      7
 -1.182625E+00  2.873855E-01  1.033985E-04      1      0      2     14      9      7
 -4.945205E-01  1.059860E-01  6.483787E-03      1      0      2     14      9      7
 -6.598387E-01  5.529578E-02  7.829407E-04      1      0      2     14      9      7
 -1.047317E+00  1.962605E-01  3.726080E-04      1      0      2     14      9      7
 -8.792265E-01  1.171478E-01  5.268742E-03      1      0      2     14      9      7
 -1.132013E+00  1.541523E-01  8.944011E-05      1      0      2     14      9      7
 -1.194103E+00  3.173203E-01  7.659247E-05      1      0      2     14      9      7
 -6.608474E-01 -1.073867E-01  8.873702E-05      1      0      2     14      9      7
 -1.239557E+00  2.265999E-01  5.509506E-04      1      0      2     14      9      7
 -1.092923E+00  2.506564E-01  1.309844E-03      1      0      2     14      9      7
 -1.001174E+00  2.112678E-01  5.552932E-04      1      0      2     14      9      7
 -6.598387E-01  5.529578E-02  7.829407E-04      1      0      2     14      9      7
 -1.313722E+00  2.917598E-01  2.407994E-04      1      0      2     14      9      7
 -5.530674E-01  9.484623E-03  1.985076E-03      1      0      2     14      9      7
 -6.930851E-01 -4.890631E-02  6.896483E-04      1      0      2     14      9      7
 -9.004448E-01  1.295661E-01  4.200814E-03      1      0      2     14      9      7
 -7.620036E-01  1.846661E-01  8.159681E-04      1      0      2     14      9      7
 -8.948405E-01 -1.238593E-03  3.483839E-05      1      0      2     14      9      7
 -7.861465E-01  1.002055E-01  4.163591E-04      1      0      2     14      9      7
 -6.439493E-01  8.091240E-03  1.173628E-03      1      0      2     14      9      7
 -1.585904E+00  3.524510E-01  5.223543E-04      1      0      2     14      9      7
 -8.367587E-01  2.385119E-02  4.095350E-05      1      0      2     14      9      7
 -6.428423E-01  1.894443E-01  3.381921E-03      1      0      2     14      9      7
 -1.070049E+00  1.854156E-01  4.113666E-04      1      0      2     14      9      7
 -8.351745E-01  1.768059E-01  2.237125E-03      1      0      2     14      9      7
 -1.172019E+00  2.031501E-01  1.545025E-04      1      0      2     14      9      7
 -9.856684E-01  6.704153E-02  1.321011E-04      1      0      2     14      9      7
 -9.461378E-01  1.019228E-01  1.101192E-04      1      0      2     14      9      7
 -8.197266E-01  1.872643E-01  3.327564E-03      1      0      2     14      9      7
 -6.580471E-01 -3.992730E-02  1.268841E-04      1      0      2     14      9      7
 -9.404436E-01  2.120756E-01  3.504814E-03      1      0      2     14      9      7
 -8.761331E-01 -1.132669E-02  8.048014E-05      1      0      2     14      9      7
 -9.815824E-01  1.681429E-01  1.923275E-04      1      0      2     14      9      7
 -5.381111E-01  4.930882E-02  2.225722E-03      1      0      2     14      9      7
 -9.413608E-01  1.198176E-01  7.586279E-05      1      0      2     14      9      7
 -5.470631E-01  9.904832E-02  6.521601E-03      1      0      2     14      9      7
 -1.644313E+00  2.571169E-01  3.242780E-04      1      0      2     14      9      7
 -1.087884E+00  1.557792E-01  3.414712E-04      1      0      2     14      9      7
 -8.564435E-01  9.414248E-02  2.266608E-04      1      0      2     14      9      7
 -9.826973E-01  7.133351E-02  1.719645E-04      1      0      2     14      9      7
 -9.107424E-01  8.043074E-02  2.960067E-05      1      0      2     14      9      7
 -9.715537E-01  1.927901E-01  1.043793E-04      1      0      2     14      9      7
 -4.649651E-01 -2.743199E-02  2.586632E-03      1      0      2     14      9      7
 -9.239927E-01  1.410498E-01  1.429015E-03      1      0      2     14      9      7
 -7.061968E-01 -1.657602E-02  3.472318E-05      1      0      2     14      9      7
 -1.517282E+00  2.801647E-01  1.945609E-04      1      0      2     14      9      7
 -1.367439E+00  3.553798E-01  2.900009E-04      1      0      2     14      9      7
 -7.126628E-01  3.210312E-02  4.280576E-05      1      0      2     14      9      7
 -9.566698E-01 -6.058514E-02  8.345498E-05      1      0      2     14      9      7
 -5.471280E-01  2.290407E-02  9.857436E-04      1      0      2     14      9      7
 -1.050540E+00  1.701159E-01  1.658642E-04      1      0      2     14      9      7
 -6.052467E-01  5.259006E-02  5.498575E-03      1      0      2     14      9      7
 -1.701744E+00  3.303477E-01  1.071798E-03      1      0      2     14      9      7
 -9.435599E-01  4.505545E-02  6.773886E-06      1      0      2     14      9      7
 -7.713124E-01  6.972443E-02  5.851893E-04      1      0      2     14      9      7
 -6.254539E-01  1.664055E-01  1.661271E-03      1      0      2     14      9      7
 -4.498971E-01  1.118064E-01  4.534043E-04      1      0      2     14      9      7
 -8.921640E-01  7.773832E-03  4.821778E-05      1      0      2     14      9      7
 -8.094348E-01 -3.585190E-02  4.657231E-04      1      0      2     14      9      7
 -1.210296E+00  2.073528E-01  3.481181E-05      1      0      2     14      9      7
 -1.006789E+00  2.869460E-01  7.037692E-05      1      0      2     14      9      7
 -1.031003E+00  1.500319E-01  2.744147E-03      1      0      2     14      9      7
 -8.259209E-01 -1.593398E-01  1.885285E-05      1      0      2     14      9      7
 -4.998956E-01  5.515932E-02  4.233605E-03      1      0      2     14      9      7
 -1.151794E+00  1.866046E-01  6.277882E-03      1      0      2     14      9      7
 -6.909492E-01  2.111355E-01  9.850051E-04      1      0      2     14      9      7
 -8.439505E-01  1.880163E-01  6.769750E-04      1      0      2     14      9      7
 -8.124935E-01  7.196998E-02  4.217948E-04      1      0      2     14      9      7
 -4.140116E+00  3.253936E-01  1.322577E-03      1      0      2     14      9      7
 -8.880581E-01  7.960560E-02  2.972474E-05      1      0      2     14      9      7
 -1.578648E+00  3.643733E-01  6.064888E-05      1      0      2     14      9      7
 -5.775446E-01  1.393261E-01  1.541687E-03      1      0      2     14      9      7
 -5.948035E-01 -2.929031E-02  1.323404E-04      1      0      2     14      9      7
 -8.134750E-01  2.102773E-01  1.744756E-03      1      0      2     14      9      7
 -1.189203E+00  2.573583E-01  6.513624E-05      1      0      2     14      9      7
 -9.409497E-01  1.650024E-01  1.341099E-04      1      0      2     14      9      7
 -9.264558E-01  1.048184E-01  5.121920E-05      1      0      2     14      9      7
 -7.772226E-01 -1.466681E-02  3.295659E-05      1      0      2     14      9      7
 -1.571037E+00  2.567137E-01  1.921710E-04      1      0      2     14      9      7
 -1.043954E+00  2.293803E-01  8.630870E-05      1      0      2     14      9      7
 -4.826280E-01  1.170708E-01  3.551194E-04      1      0      2     14      9      7
 -8.356602E-01 -6.654164E-02  2.223566E-04      1      0      2     14      9      7
 -9.736442E-01  1.390805E-01  1.380153E-05      1      0      2     14      9      7
 -1.113351E+00  1.513155E-01  1.836837E-04      1      0      2     14      9      7
 -1.086128E+00  1.428387E-01  9.159959E-05      1      0      2     14      9      7
 -8.630858E-01 -3.029159E-02  5.116898E-04      1      0      2     14      9      7
 -1.202612E+00  2.666561E-01  6.827061E-04      1      0      2     14      9      7
 -8.766692E-01  1.529060E-01  2.827602E-04      1      0      2     14      9      7
 -1.237490E+00  2.052111E-01  3.538196E-04      1      0      2     14      9      7
 -1.535047E+00  2.789313E-01  4.864022E-05      1      0      2     14      9      7
 -9.777449E-01  1.236979E-01  1.389961E-04      1      0      2     14      9      7
 -7.298016E-01 -4.874489E-02  3.421802E-04      1      0      2     14      9      7
 -1.084400E+00  1.772933E-01  1.759113E-03      1      0      2     14      9      7
 -7.306407E-01  2.097742E-01  1.707061E-03      1      0      2     14      9      7
 -8.471828E-01  4.627287E-02  3.016491E-04      1      0      2     14      9      7
 -8.374592E-01  1.914339E-01  1.061725E-03      1      0      2     14      9      7
 -6.965510E-01  7.518289E-02  8.764102E-04      1      0      2     14      9      7
 -4.286761E-01  1.384801E-01  3.282070E-03      1      0      2     14      9      7
 -6.634986E-01  6.165378E-02  1.600150E-03      1      0      2     14      9      7
 -1.376156E+00  3.464154E-01  4.524294E-04      1      0      2     14      9      7
 -1.498729E+00  2.592644E-01  6.882894E-05      1      0      2     14      9      7
 -1.254339E+00  2.486647E-01  2.161026E-05      1      0      2     14      9      7
 -4.949979E-01  3.317059E-02  3.615299E-04      1      0      2     14      9      7
 -7.028993E-01  1.330332E-01  4.222970E-03      1      0      2     14      9      7
 -4.692449E-01  1.467763E-01  1.426681E-03      1      0      2     14      9      7
 -9.657194E-01  8.194909E-02  8.985664E-05      1      0      2     14      9      7
 -8.061885E-01  3.250340E-02  2.249710E-04      1      0      2     14      9      7
 -6.324826E-01  1.093254E-01  3.461683E-04      1      0      2     14      9      7
 -5.977143E-01  1.717889E-01  5.378046E-03      1      0      2     14      9      7
 -5.833459E-01 -1.703557E-01  7.141088E-04      1      0      2     14      9      7
 -8.394957E-01  1.974409E-02  8.583012E-05      1      0      2     14      9      7
 -1.136876E+00  3.133818E-01  9.970285E-05      1      0      2     14      9      7
 -6.574618E-01  1.058597E-01  1.972758E-03      1      0      2     14      9      7
 -1.012781E+00  3.808743E-02  9.839416E-05      1      0      2     14      9      7
 -5.569244E-01  9.358822E-02  3.645432E-04      1      0      2     14      9      7
 -7.053310E-01  1.555807E-01  2.021206E-03      1      0      2     14      9      7
 -1.139249E+00  2.521995E-01  2.647192E-04      1      0      2     14      9      7
 -8.810983E-01  1.743472E-01  1.652645E-04      1      0      2     14      9      7
 -6.301495E-01  1.559525E-01  5.871390E-03      1      0      2     14      9      7
 -1.363953E+00  3.185644E-01  3.001721E-04      1      0      2     14      9      7
 -6.979019E-01  9.889974E-02  3.238053E-04      1      0      2     14      9      7
 -1.337285E+00  2.966889E-01  5.709798E-03      1      0      2     14      9      7
 -8.796078E-01  5.959386E-02  2.817381E-05      1      0      2     14      9      7
 -8.149816E-01  5.561215E-02  1.171088E-04      1      0      2     14      9      7
 -8.479402E-01  6.152902E-02  1.192771E-04      1      0      2     14      9      7
 -1.986925E+00  3.896289E-01  5.422358E-03      1      0      2     14      9      7
 -8.792943E-01  1.603093E-01  3.620321E-03      1      0      2     14      9      7
 -1.524883E+00  2.915239E-01  1.493209E-04      1      0      2     14      9      7
 -8.064137E-01  1.260174E-01  2.029832E-04      1      0      2     14      9      7
 -7.808735E-01  7.799230E-02  5.909794E-04      1      0      2     14      9      7
 -1.332260E+00  2.665524E-01  1.569574E-03      1      0      2     14      9      7
 -1.634792E+00  3.497227E-01  2.049004E-04      1      0      2     14      9      7
 -1.407715E+00  1.636769E-01  1.486798E-04      1      0      2     14      9      7
 -1.041729E+00 -4.467608E-02  4.321639E-05      1      0      2     14      9      7
 -1.041958E+00  4.244249E-02  1.644935E-04      1      0      2     14      9      7
 -1.111699E+00  1.707603E-01  1.848535E-04      1      0      2     14      9      7
 -1.145936E+00  2.513828E-01  3.199058E-03      1      0      2     14      9      7
 -7.618663E-01  5.628659E-02  2.300581E-03      1      0      2     14      9      7
 -1.262055E+00  2.714221E-01  2.241084E-03      1      0      2     14      9      7
 -1.411384E+00  2.818211E-01  3.172175E-04      1      0      2     14      9      7
 -1.168988E+00  1.539449E-01  2.740839E-04      1      0      2     14      9      7
 -1.088459E+00  2.466955E-01  1.015817E-03      1      0      2     14      9      7
 -5.749491E-01  1.573944E-03  2.575229E-04      1      0      2     14      9      7
 -1.098649E+00  2.170305E-01  5.086175E-04      1      0      2     14      9      7
 -7.589211E-01  1.083876E-01  4.085306E-03      1      0      2     14      9      7
 -7.723122E-01  1.320007E-01  1.910720E-03      1      0      2     14      9      7
 -8.352159E-01  1.007252E-01  3.542922E-04      1      0      2     14      9      7
 -1.064724E+00  1.022751E-01  3.113683E-05      1      0      2     14      9      7
 -1.934884E+00  2.687828E-01  5.848939E-03      1      0      2     14      9      7
 -1.082475E+00  1.437075E-01  2.466870E-04      1      0      2     14      9      7
 -9.274306E-01  1.378952E-01  2.643529E-05      1      0      2     14      9      7
 -5.571377E-01  9.614748E-02  5.037727E-03      1      0      2     14      9      7
 -7.046406E-01 -7.475721E-02  2.974247E-04      1      0      2     14      9      7
 -1.099106E+00  1.698304E-01  1.038475E-04      1      0      2     14      9      7
 -9.804354E-01  1.441756E-01  4.473482E-04      1      0      2     14      9      7
 -1.244623E+00  4.871734E-03  4.210267E-05      1      0      2     14      9      7
 -7.816833E-01  1.584299E-01  6.926025E-04      1      0      2     14      9      7
 -1.479227E+00  2.954983E-01  4.120165E-04      1      0      2     14      9      7
 -8.251917E-01  8.915339E-02  3.986637E-04      1      0      2     14      9      7
 -1.066229E+00  1.856337E-01  6.724551E-04      1      0      2     14      9      7
 -1.299328E+00  2.620137E-01  6.221458E-04      1      0      2     14      9      7
 -7.456097E-01  1.705319E-01  1.006186E-03      1      0      2     14      9      7
 -1.017325E+00  1.883228E-01  1.591878E-04      1      0      2     14      9      7
 -8.111185E-01 -1.104494E-02  2.185368E-04      1      0      2     14      9      7
 -8.926194E-01 -7.294988E-03  9.227019E-05      1      0      2     14      9      7
 -4.415756E-01  6.462173E-02  9.486985E-04      1      0      2     14      9      7
 -9.864836E-01  1.715422E-01  1.487005E-04      1      0      2     14      9      7
 -1.051846E+00  1.425852E-01  3.231554E-04      1      0      2     14      9      7
 -6.999982E-01  1.641881E-01  5.677007E-03      1      0      2     14      9      7
 -8.977793E-01  1.023867E-01  6.458382E-03      1      0      2     14      9      7
 -1.133776E+00 -9.653212E-03  4.532565E-06      1      0      2     14      9      7
 -1.220685E+00  2.231643E-01  2.569468E-04      1      0      2     14      9      7
 -9.209653E-01  2.112958E-01  9.295260E-04      1      0      2     14      9      7
 -5.994574E-01 -3.424961E-02  6.734891E-04      1      0      2     14      9      7
 -7.626995E-01 -9.722372E-04  4.505092E-04      1      0      2     14      9      7
 -1.034308E+00  1.323477E-01  8.735743E-05      1      0      2     14      9      7
 -5.986165E-01  1.010214E-01  6.419091E-03      1      0      2     14      9      7
 -1.209958E+00  2.289642E-01  9.097036E-06      1      0      2     14      9      7
 -7.128118E-01 -8.712400E-02  1.383994E-04      1      0      2     14      9      7
 -1.716094E+00  3.829195E-01  5.640080E-04      1      0      2     14      9      7
 -9.919087E-01 -1.406635E-01  3.889445E-05      1      0      2     14      9      7
 -8.437393E-01  1.335554E-01  3.993432E-03      1      0      2     14      9      7
 -5.837127E-01  3.965275E-02  1.218059E-03      1      0      2     14      9      7
 -6.318580E-01  1.608373E-01  2.369796E-03      1      0      2     14      9      7
 -9.495030E-01  6.939043E-02  1.944043E-03      1      0      2     14      9      7
 -8.067485E-01  7.933277E-02  5.545547E-04      1      0      2     14      9      7
 -1.085837E+00  2.238052E-01  2.736526E-04      1      0      2     14      9      7
 -1.339127E+00  2.645745E-01  3.690040E-04      1      0      2     14      9      7
 -1.155535E+00  2.259303E-01  2.262531E-04      1      0      2     14      9      7
 -9.335497E-01  1.420049E-01  1.430315E-04      1      0      2     14      9      7
 -1.299561E+00  2.095608E-01  2.017099E-04      1      0      2     14      9      7
 -1.064435E+00  1.476644E-01  1.324467E-04      1      0      2     14      9      7
 -1.381811E+00  3.002474E-01  1.995505E-04      1      0      2     14      9      7
 -5.514067E-01  1.327971E-01  8.460119E-04      1      0      2     14      9      7
 -8.903972E-01  7.506360E-02  3.328155E-04      1      0      2     14      9      7
 -5.327200E-01  5.578637E-02  4.013815E-03      1      0      2     14      9      7
 -7.137381E-01  1.642420E-01  4.094464E-03      1      0      2     14      9      7
 -7.311131E-01 -5.338594E-02  7.739600E-05      1      0      2     14      9      7
 -6.647408E-01 -1.477003E-01  1.616545E-05      1      0      2     14      9      7
 -1.401139E+00  1.718872E-01  2.818001E-05      1      0      2     14      9      7
 -1.034896E+00 -4.294629E-02  4.209971E-05      1      0      2     14      9      7
 -7.235657E-01  1.296994E-01  6.578911E-04      1      0      2     14      9      7
 -6.254690E-01  1.492904E-01  4.010861E-03      1      0      2     14      9      7
 -5.381065E-01  7.753856E-02  1.161309E-03      1      0      2     14      9      7
 -1.071096E+00  2.474490E-01  5.592222E-03      1      0      2     14      9      7
 -7.082468E-01  1.188787E-01  3.182220E-03      1      0      2     14      9      7
 -1.064435E+00  1.476644E-01  1.324467E-04      1      0      2     14      9      7
 -8.869767E-01 -9.641934E-03  2.979860E-05      1      0      2     14      9      7
 -1.183450E+00  1.906866E-01  1.746410E-05      1      0      2     14      9      7
 -1.097332E+00  2.492549E-01  2.984882E-04      1      0      2     14      9      7
 -8.442136E-01  2.270898E-01  3.165086E-04      1      0      2     14      9      7
 -8.744827E-01  1.900117E-02  6.051594E-05      1      0      2     14      9      7
 -5.571823E-01  7.452570E-02  1.765346E-03      1      0      2     14      9      7
 -6.509918E-01  1.086756E-01  6.878463E-04      1      0      2     14      9      7
 -9.801888E-01  3.155395E-02  3.816182E-05      1      0      2     14      9      7
 -4.450435E-01  1.188253E-01  1.436046E-03      1      0      2     14      9      7
 -5.954152E-01  1.373094E-01  2.393253E-03      1      0      2     14      9      7
 -1.048176E+00  2.213570E-01  2.667014E-04      1      0      2     14      9      7
 -9.911950E-01  1.993337E-01  1.006068E-04      1      0      2     14      9      7
 -9.000573E-01 -2.720137E-02  4.222379E-05      1      0      2     14      9      7
 -5.191307E-01  3.519360E-02  3.813228E-04      1      0      2     14      9      7
 -7.273596E-01 -5.199422E-02  1.702275E-05      1      0      2     14      9      7
 -9.976672E-01  1.868911E-01  1.517669E-04      1      0      2     14      9      7
 -7.161006E-01 -4.931073E-02  1.109109E-04      1      0      2     14      9      7
 -1.844227E+00  2.952557E-01  7.581257E-05      1      0      2     14      9      7
 -9.019571E-01  2.087815E-01  3.834202E-04      1      0      2     14      9      7
 -1.054092E+00  9.917754E-02  4.538769E-04      1      0      2     14      9      7
 -7.661270E-01 -1.100504E-01  1.100247E-04      1      0      2     14      9      7
 -5.591448E-01  2.565672E-02  2.756053E-03      1      0      2     14      9      7
 -9.873375E-01  7.596214E-02  3.008811E-04      1      0      2     14      9      7
 -9.260078E-01  1.379773E-01  1.424584E-03      1      0      2     14      9      7
 -9.202141E-01  1.809975E-01  1.724756E-03      1      0      2     14      9      7
 -7.347705E-01  5.316883E-03  8.480503E-05      1      0      2     14      9      7
 -8.888771E-01 -1.176465E-02  4.256352E-05      1      0      2     14      9      7
 -5.560633E-01  1.011318E-03  1.295339E-03      1      0      2     14      9      7
 -8.856349E-01 -8.389700E-02  3.117819E-04      1      0      2     14      9      7
 -9.460417E-01  1.311145E-01  4.370382E-04      1      0      2     14      9      7
 -6.717801E-01 -6.578117E-02  2.987541E-04      1      0      2     14      9      7
 -1.626181E+00  3.226458E-01  2.395498E-04      1      0      2     14      9      7
 -7.039437E-01  1.803381E-02  7.824385E-05      1      0      2     14      9      7
 -5.952788E-01  4.939010E-02  4.065218E-03      1      0      2     14      9      7
 -1.345776E+00  1.917931E-01  2.375468E-04      1      0      2     14      9      7
 -7.269905E-01 -9.579089E-02  4.506569E-04      1      0      2     14      9      7
 -1.027461E+00  2.333119E-01  1.140630E-04      1      0      2     14      9      7
 -1.117590E+00  1.975068E-01  3.413826E-03      1      0      2     14      9      7
 -7.660671E-01  2.346609E-01  1.782480E-03      1      0      2     14      9      7
 -1.206434E+00  1.334964E-01  1.140453E-04      1      0      2     14      9      7
 -1.137948E+00  2.017880E-01  1.221604E-04      1      0      2     14      9      7
 -8.169558E-01 -1.150605E-01  1.705465E-04      1      0      2     14      9      7
 -1.006798E+00 -6.876451E-02  1.101428E-05      1      0      2     14      9      7
 -9.212068E-01  1.741138E-02  1.187749E-05      1      0      2     14      9      7
 -1.377455E+00  2.739841E-01  1.373329E-03      1      0      2     14      9      7
 -7.522927E-01 -8.780553E-03  3.954437E-04      1      0      2     14      9      7
 -1.295578E+00  3.211849E-01  5.982762E-04      1      0      2     14      9      7
 -4.862636E-01  1.045442E-01  6.476402E-03      1      0      2     14      9      7
 -6.254690E-01  1.492904E-01  4.010861E-03      1      0      2     14      9      7
 -6.318580E-01  1.608373E-01  2.369796E-03      1      0      2     14      9      7
 -9.927021E-01  7.588289E-02  8.481389E-05      1      0      2     14      9      7
 -5.742009E-01  2.251931E-02  6.954385E-04      1      0      2     14      9      7
 -8.937090E-01  1.254311E-01  1.406416E-04      1      0      2     14      9      7
 -9.255815E-01  1.726256E-01  1.942625E-03      1      0      2     14      9      7
 -4.022096E+00  3.086825E-01  1.065919E-04      1      0      2     14      9      7
 -1.127175E+00  1.558881E-01  1.816630E-04      1      0      2     14      9      7
 -7.720931E-01  1.373781E-01  2.840187E-04      1      0      2     14      9      7
 -9.463209E-01  6.475053E-02  7.483474E-05      1      0      2     14      9      7
 -7.988356E-01 -9.831210E-02  5.765631E-05      1      0      2     14      9      7
 -1.438939E+00  2.502990E-01  2.780986E-04      1      0      2     14      9      7
 -1.336088E+00  3.387488E-01  4.992233E-04      1      0      2     14      9      7
 -8.458579E-01 -5.706665E-02  9.500574E-05      1      0      2     14      9      7
 -8.835345E-01 -4.892860E-02  1.371823E-04      1      0      2     14      9      7
 -1.665100E+00  3.665890E-01  1.070410E-04      1      0      2     14      9      7
 -1.137401E+00  1.760902E-01  6.543166E-05      1      0      2     14      9      7
 -1.020160E+00  2.307045E-01  3.198172E-03      1      0      2     14      9      7
 -7.871963E-01 -7.993562E-02  1.619470E-04      1      0      2     14      9      7
 -1.224184E+00  1.730752E-01  3.174834E-04      1      0      2     14      9      7
 -7.613419E-01 -8.316599E-02  1.135106E-04      1      0      2     14      9      7
 -8.155827E-01  1.415801E-01  4.352362E-03      1      0      2     14      9      7
 -1.227948E+00  1.634475E-01  2.515318E-05      1      0      2     14      9      7
 -9.441664E-01  1.731804E-01  6.543166E-04      1      0      2     14      9      7
 -1.116904E+00  2.336591E-01  7.134589E-05      1      0      2     14      9      7
 -1.865800E+00  2.869508E-01  1.251234E-04      1      0      2     14      9      7
 -1.153375E+00  1.396565E-01  4.157683E-05      1      0      2     14      9      7
 -9.300979E-01  7.245040E-02  6.453064E-03      1      0      2     14      9      7
 -9.603512E-01 -7.375948E-02  1.569574E-05      1      0      2     14      9      7
 -4.648358E-01  7.780593E-02  1.027309E-03      1      0      2     14      9      7
 -1.708979E+00  3.165991E-01  2.446250E-05      1      0      2     14      9      7
 -6.834898E-01  1.162146E-02  1.764903E-04      1      0      2     14      9      7
 -4.415756E-01  6.462173E-02  9.486985E-04      1      0      2     14      9      7
 -1.101487E+00  2.248319E-01  1.469487E-04      1      0      2     14      9      7
 -6.668880E-01  1.752515E-01  6.191916E-03      1      0      2     14      9      7
 -5.243206E-01  5.646624E-02  4.773625E-04      1      0      2     14      9      7
 -1.109633E+00  3.006914E-01  4.321343E-03      1      0      2     14      9      7
 -7.882399E-01  1.995820E-01  1.026097E-03      1      0      2     14      9      7
 -6.972319E-01 -4.148099E-02  1.862952E-04      1      0      2     14      9      7
 -1.088061E+00  1.341628E-01  1.022346E-04      1      0      2     14      9      7
 -9.374284E-01  1.602970E-01  5.900046E-03      1      0      2     14      9      7
 -6.450618E-01 -7.118791E-04  8.643277E-05      1      0      2     14      9      7
 -5.628823E-01  6.664277E-02  5.593995E-03      1      0      2     14      9      7
 -1.012064E+00  1.398282E-01  2.902904E-04      1      0      2     14      9      7
 -9.988471E-01  2.094506E-02  3.024763E-05      1      0      2     14      9      7
 -9.121424E-01  4.909105E-02  2.489292E-04      1      0      2     14      9      7
 -8.474307E-01  8.003037E-02  6.788066E-05      1      0      2     14      9      7
 -4.271186E-01  7.351826E-02  8.161159E-04      1      0      2     14      9      7
 -9.541027E-01  2.569261E-01  1.772407E-03      1      0      2     14      9      7
 -5.384428E-01  6.779747E-02  3.121364E-03      1      0      2     14      9      7
 -8.197139E-01 -7.938235E-02  3.638046E-04      1      0      2     14      9      7
 -7.872951E-01  1.926501E-01  3.692107E-03      1      0      2     14      9      7
 -7.266875E-01 -5.705296E-03  3.703924E-04      1      0      2     14      9      7
 -6.984970E-01  1.368220E-01  3.939075E-03      1      0      2     14      9      7
 -9.148277E-01 -2.836929E-02  1.581834E-04      1      0      2     14      9      7
 -9.382172E-01  2.165587E-01  3.532287E-04      1      0      2     14      9      7
 -8.666172E-01 -1.230465E-01  4.780124E-04      1      0      2     14      9      7
 -7.022268E-01  5.697407E-02  9.750200E-05      1      0      2     14      9      7
 -1.073747E+00  2.177235E-01  1.575984E-05      1      0      2     14      9      7
 -5.829536E-01  2.673049E-02  2.738298E-03      1      0      2     14      9      7
 -6.754933E-01 -1.143270E-02  1.819584E-03      1      0      2     14      9      7
 -1.037562E+00  1.425228E-01  9.419039E-05      1      0      2     14      9      7
 -5.028778E-01  1.125241E-01  5.593108E-03      1      0      2     14      9      7
 -3.105360E+00  7.024474E-01  3.618549E-04      1      0      2     14      9      7
 -1.732743E+00  3.750084E-01  4.168909E-04      1      0      2     14      9      7
 -9.051421E-01  4.559466E-02  3.778073E-04      1      0      2     14      9      7
 -1.720589E+00  3.095053E-01  3.395805E-04      1      0      2     14      9      7
 -9.661835E-01  1.707696E-02  1.044325E-04      1      0      2     14      9      7
 -1.254980E+00  1.860980E-01  6.228253E-05      1      0      2     14      9      7
 -1.331836E+00  2.611688E-01  5.986012E-04      1      0      2     14      9      7
 -1.113083E+00  2.043225E-01  2.951943E-03      1      0      2     14      9      7
 -7.210855E-01 -2.842811E-02  1.588422E-05      1      0      2     14      9      7
 -8.862499E-01  2.997893E-02  2.878798E-04      1      0      2     14      9      7
 -9.467341E-01 -8.232675E-02  3.997567E-05      1      0      2     14      9      7
 -9.547755E-01  1.308315E-01  1.813115E-04      1      0      2     14      9      7
 -1.110074E+00  2.726328E-01  5.906840E-05      1      0      2     14      9      7
 -1.361550E+00  2.064269E-01  1.104737E-04      1      0      2     14      9      7
 -8.070969E-01 -2.128054E-02  7.140201E-04      1      0      2     14      9      7
 -8.460738E-01  1.178167E-01  6.785111E-04      1      0      2     14      9      7
 -1.149855E+00  2.968826E-01  5.776857E-03      1      0      2     14      9      7
 -7.374408E-01 -2.866817E-02  2.885356E-04      1      0      2     14      9      7
 -6.564040E-01 -1.309486E-02  7.116568E-04      1      0      2     14      9      7
 -2.031157E+00  3.633757E-01  2.481966E-05      1      0      2     14      9      7
 -8.415794E-01 -1.487384E-02  3.630956E-05      1      0      2     14      9      7
 -9.328997E-01  1.749703E-01  3.807615E-05      1      0      2     14      9      7
 -1.120953E+00  1.841971E-01  1.128784E-04      1      0      2     14      9      7
 -8.835345E-01 -4.892860E-02  1.371823E-04      1      0      2     14      9      7
 -9.904227E-01  1.385644E-01  2.356207E-03      1      0      2     14      9      7
 -8.369095E-01  3.440161E-02  5.523390E-05      1      0      2     14      9      7
 -7.805462E-01  6.450613E-02  2.924558E-04      1      0      2     14      9      7
 -5.669531E-01 -8.709383E-03  1.188724E-03      1      0      2     14      9      7
 -9.754465E-01  7.874705E-02  8.771488E-06      1      0      2     14      9      7
 -1.018620E+00  1.086817E-01  1.757429E-04      1      0      2     14      9      7
 -1.146431E+00 -6.571754E-02  2.364715E-05      1      0      2     14      9      7
 -1.125672E+00  5.399647E-03  3.443367E-05      1      0      2     14      9      7
 -6.045268E-01  8.508973E-02  1.264498E-03      1      0      2     14      9      7
 -1.326261E+00  2.331944E-01  3.272617E-04      1      0      2     14      9      7
 -6.882732E-01 -4.918171E-02  1.116317E-04      1      0      2     14      9      7
 -1.041037E+00  1.731859E-01  2.978678E-05      1      0      2     14      9      7
 -9.098636E-01  6.914237E-02  1.871814E-04      1      0      2     14      9      7
 -1.039793E+00  2.400359E-01  1.529693E-04      1      0      2     14      9      7
 -8.132204E-01  8.648945E-02  2.922579E-03      1      0      2     14      9      7
 -2.501444E+00  3.726902E-01  5.339346E-04      1      0      2     14      9      7
 -4.031125E+00  3.479234E-01  4.006134E-05      1      0      2     14      9      7
 -1.272521E+00  2.790356E-01  1.284764E-04      1      0      2     14      9      7
 -9.675417E-01  1.680786E-01  2.993449E-03      1      0      2     14      9      7
 -4.482110E-01  8.959269E-02  4.833594E-03      1      0      2     14      9      7
 -7.792787E-01 -1.270272E-01  1.476784E-04      1      0      2     14      9      7
 -7.743591E-01  5.062773E-03  3.227418E-04      1      0      2     14      9      7
 -1.137852E+00  2.166844E-01  1.967204E-04      1      0      2     14      9      7
 -7.579824E-01 -7.615528E-02  3.325792E-04      1      0      2     14      9      7
 -5.058829E-01  9.000817E-02  4.945852E-04      1      0      2     14      9      7
 -1.288017E+00  1.728542E-01  1.715037E-04      1      0      2     14      9      7
 -6.359460E-01  5.541538E-02  6.518056E-03      1      0      2     14      9      7
 -1.121702E+00  4.172928E-02  2.477535E-04      1      0      2     14      9      7
 -8.466191E-01  3.220469E-02  6.427658E-05      1      0      2     14      9      7
 -8.679211E-01  1.445806E-01  3.373354E-03      1      0      2     14      9      7
 -2.138261E+00  3.997181E-01  9.218452E-05      1      0      2     14      9      7
 -2.064288E+00  4.121608E-01  5.011435E-04      1      0      2     14      9      7
 -4.801885E-01  7.106584E-02  3.390783E-03      1      0      2     14      9      7
 -6.038069E-01  7.769665E-02  4.130209E-03      1      0      2     14      9      7
 -1.677626E+00  2.859517E-01  9.312099E-05      1      0      2     14      9      7
 -1.119930E+00  6.464442E-03  1.594891E-05      1      0      2     14      9      7
 -2.067779E+00  4.329458E-01  9.675165E-05      1      0      2     14      9      7
 -1.451343E+00  2.711453E-01  1.567299E-04      1      0      2     14      9      7
 -1.245947E+00  1.909244E-01  3.004379E-05      1      0      2     14      9      7
 -8.736921E-01  2.068308E-02  5.723387E-04      1      0      2     14      9      7
 -1.570589E+00  3.845403E-01  5.757655E-03      1      0      2     14      9      7
 -8.977793E-01  1.023867E-01  6.458382E-03      1      0      2     14      9      7
 -8.920510E-01  5.102714E-02  1.022612E-04      1      0      2     14      9      7
 -9.781295E-01  7.126227E-02  1.578880E-04      1      0      2     14      9      7
 -9.340656E-01 -2.163797E-02  2.477978E-04      1      0      2     14      9      7
 -5.727551E-01  1.588174E-01  4.820596E-03      1      0      2     14      9      7
 -8.101746E-01  2.588176E-02  9.075175E-05      1      0      2     14      9      7
 -1.297064E+00  2.321281E-01  3.526379E-04      1      0      2     14      9      7
 -1.065479E+00  2.350598E-01  6.440952E-03      1      0      2     14      9      7
 -8.548813E-01  8.582408E-02  5.498280E-04      1      0      2     14      9      7
 -1.381085E+00  2.564794E-01  3.630365E-04      1      0      2     14      9      7
 -1.268215E+00  2.564279E-01  1.098297E-04      1      0      2     14      9      7
 -8.589031E-01  1.242306E-01  3.775415E-04      1      0      2     14      9      7
 -7.128130E-01 -4.306622E-02  6.857488E-05      1      0      2     14      9      7
 -8.845301E-01  9.538842E-02  1.875979E-04      1      0      2     14      9      7
 -6.736446E-01 -9.210762E-02  5.460467E-04      1      0      2     14      9      7
 -9.066241E-01  1.723070E-01  7.166493E-04      1      0      2     14      9      7
 -1.155555E+00  2.714008E-01  1.576162E-04      1      0      2     14      9      7
 -7.633662E-01  8.092826E-02  8.440917E-05      1      0      2     14      9      7
 -1.461449E+00  3.123060E-01  1.881829E-03      1      0      2     14      9      7
 -4.989244E-01  1.036001E-01  6.062229E-03      1      0      2     14      9      7
 -7.777713E-01  5.115153E-03  4.311890E-04      1      0      2     14      9      7
 -7.048745E-01  1.298243E-02  5.160915E-03      1      0      2     14      9      7
 -7.338440E-01  1.275937E-01  3.944983E-04      1      0      2     14      9      7
 -9.256422E-01 -8.281896E-02  7.375057E-05      1      0      2     14      9      7
 -5.614698E-01 -7.755922E-03  3.987228E-04      1      0      2     14      9      7
 -6.917171E-01  8.197150E-02  5.007299E-03      1      0      2     14      9      7
 -1.048972E+00  2.253799E-01  3.854882E-03      1      0      2     14      9      7
 -9.822598E-01  1.185911E-01  1.546148E-05      1      0      2     14      9      7
 -6.387828E-01  1.122629E-01  1.325974E-03      1      0      2     14      9      7
 -1.233938E+00  2.102445E-01  1.250732E-05      1      0      2     14      9      7
 -6.456377E-01 -8.720279E-02  6.864874E-04      1      0      2     14      9      7
 -8.028389E-01 -3.456241E-02  1.879052E-04      1      0      2     14      9      7
 -5.268929E-01  1.888064E-01  5.561499E-03      1      0      2     14      9      7
 -1.070284E+00  7.236166E-02  4.264623E-05      1      0      2     14      9      7
 -1.234114E+00  2.443765E-01  1.913970E-04      1      0      2     14      9      7
 -7.072239E-01  1.817309E-01  3.959163E-03      1      0      2     14      9      7
 -1.391517E+00  3.499320E-01  2.384331E-04      1      0      2     14      9      7
 -1.157133E+00  2.637435E-01  8.637960E-05      1      0      2     14      9      7
 -8.538714E-01  1.925522E-01  2.288764E-03      1      0      2     14      9      7
 -1.058933E+00  1.163671E-01  1.375545E-04      1      0      2     14      9      7
 -9.275632E-01  2.877073E-02  2.890940E-04      1      0      2     14      9      7
 -1.032512E+00  3.320798E-02  8.209016E-05      1      0      2     14      9      7
 -1.413002E+00  3.571434E-01  1.195755E-04      1      0      2     14      9      7
 -1.085190E+00  2.703811E-01  1.249875E-04      1      0      2     14      9      7
 -8.280188E-01  1.812203E-01  4.458121E-04      1      0      2     14      9      7
 -7.805862E-01  2.075482E-02  2.146905E-04      1      0      2     14      9      7
 -1.346530E+00  1.683724E-01  1.626560E-04      1      0      2     14      9      7
 -8.440600E-01  1.292708E-01  3.531992E-05      1      0      2     14      9      7
 -9.867633E-01 -5.946010E-03  2.044691E-05      1      0      2     14      9      7
 -7.843470E-01 -4.320419E-02  3.531401E-05      1      0      2     14      9      7
 -7.213742E-01 -3.855505E-02  2.393873E-04      1      0      2     14      9      7
 -2.046862E+00  3.339855E-01  1.655008E-04      1      0      2     14      9      7
 -7.885242E-01  1.498646E-01  1.417848E-03      1      0      2     14      9      7
 -1.004963E+00  1.083094E-01  1.266005E-04      1      0      2     14      9      7
 -7.480549E-01  1.174805E-01  6.412887E-03      1      0      2     14      9      7
 -5.858535E-01  1.134092E-01  4.452803E-03      1      0      2     14      9      7
 -1.071739E+00  1.787649E-01  2.022535E-04      1      0      2     14      9      7
 -1.225515E+00  1.221183E-01  1.718286E-04      1      0      2     14      9      7
 -8.836171E-01  2.763197E-02  1.193835E-04      1      0      2     14      9      7
 -8.066152E-01 -5.976638E-02  1.187838E-04      1      0      2     14      9      7
 -1.090878E+00  1.871670E-01  2.592836E-04      1      0      2     14      9      7
 -8.445075E-01 -7.486877E-02  7.931916E-05      1      0      2     14      9      7
 -5.844160E-01  8.406605E-02  3.614413E-04      1      0      2     14      9      7
 -9.290974E-01 -6.434148E-02  2.515171E-05      1      0      2     14      9      7
 -5.652513E-01  1.511388E-01  1.685318E-03      1      0      2     14      9      7
 -7.704000E-01 -9.435336E-02  2.766776E-04      1      0      2     14      9      7
 -3.523876E+00  9.228619E-01  6.063706E-04      1      0      2     14      9      7
 -1.267237E+00  1.707820E-01  1.153392E-05      1      1      2     14      7      1
 -1.442048E+00  2.391639E-01  7.710650E-06      1      1      2     14      7      1
 -1.396901E+00  1.839468E-01  3.174243E-05      1      1      2     14      7      1
 -1.687264E+00  2.671370E-01  3.109843E-06      1      1      2     14      7      1
 -1.283537E+00  1.249623E-01  2.874455E-05      1      1      2     14      7      1
 -1.740296E+00  2.754541E-01  4.171272E-05      1      1      2     14      7      1
 -1.287799E+00  1.799329E-01  5.424426E-06      1      1      2     14      7      1
 -1.221151E+00  1.877963E-01  4.416762E-05      1      1      2     14      7      1
 -1.514315E+00  2.175846E-01  9.672211E-07      1      1      2     14      7      1
 -1.755032E+00  3.242265E-01  1.466799E-06      1      1      2     14      7      1
 -1.433775E+00  1.169208E-01  1.231855E-05      1      1      2     14      7      1
 -2.378935E+00  3.945093E-01  9.368523E-07      1      1      2     14      7      1
 -1.343021E+00  2.411991E-01  5.130192E-06      1      1      2     14      7      1
 -1.435145E+00  2.846502E-01  9.096740E-06      1      1      2     14      7      1
 -1.383585E+00  2.289041E-01  8.379176E-06      1      1      2     14      7      1
 -1.571142E+00  1.972507E-01  1.801416E-06      1      1      2     14      7      1
 -1.199706E+00  1.935551E-01  2.539927E-05      1      1      2     14      7      1
 -1.424012E+00  1.598233E-01  7.286137E-07      1      1      2     14      7      1
 -1.256646E+00  2.794835E-01  4.444532E-05      1      1      2     14      7      1
 -1.644734E+00  2.933980E-01  2.609615E-05      1      1      2     14      7      1
 -1.448134E+00  1.979404E-01  1.163584E-06      1      1      2     14      7      1
 -1.479572E+00  1.809664E-01  1.894531E-05      1      1      2     14      7      1
 -1.379840E+00  1.304533E-01  4.288847E-07      1      1      2     14      7      1
 -1.348419E+00  1.659215E-01  6.884076E-05      1      1      2     14      7      1
 -1.609500E+00  3.094614E-01  4.977462E-05      1      1      2     14      7      1
 -1.389559E+00  2.253826E-01  2.476087E-05      1      1      2     14      7      1
 -1.238996E+00  7.708053E-03  1.563932E-05      1      1      2     14      7      1
 -1.516194E+00  1.594744E-01  5.965923E-05      1      1      2     14      7      1
 -1.291849E+00  4.482678E-02  9.127464E-06      1      1      2     14      7      1
 -1.278105E+00 -4.296237E-02  2.108856E-07      1      1      2     14      7      1
 -2.235298E+00  3.653127E-01  9.993032E-05      1      1      2     14      7      1
 -1.581457E+00  1.502020E-01  1.173362E-06      1      1      2     14      7      1
 -1.245640E+00  9.066806E-02  5.058997E-06      1      1      2     14      7      1
 -1.708779E+00  2.807377E-01  6.424409E-06      1      1      2     14      7      1
 -1.223874E+00  2.787515E-01  1.007161E-05      1      1      2     14      7      1
 -1.365459E+00  6.781296E-02  1.628923E-06      1      1      2     14      7      1
 -1.235120E+00  1.175346E-01  3.765075E-05      1      1      2     14      7      1
 -1.306781E+00  5.523653E-02  4.889428E-06      1      1      2     14      7      1
 -1.224695E+00  1.022125E-02  1.718848E-06      1      1      2     14      7      1
 -1.371835E+00  5.767697E-02  5.552341E-06      1      1      2     14      7      1
 -1.563101E+00  1.451443E-01  9.902931E-08      1      1      2     14      7      1
 -1.086742E+00 -5.386074E-02  2.655700E-05      1      1      2     14      7      1
 -1.726861E+00  4.155600E-01  3.318406E-05      1      1      2     14      7      1
 -1.258959E+00  1.155331E-01  2.917616E-06      1      1      2     14      7      1
 -1.581101E+00  3.932636E-01  1.905550E-05      1      1      2     14      7      1
 -1.751447E+00 -5.827839E-03  1.295694E-07      1      1      2     14      7      1
 -1.406852E+00  1.979767E-01  1.360685E-05      1      1      2     14      7      1
 -1.499248E+00  3.287035E-01  7.867515E-06      1      1      2     14      7      1
 -2.062394E+00  3.986673E-01  3.459024E-05      1      1      2     14      7      1
 -1.085894E+00  1.439013E-01  1.174928E-05      1      1      2     14      7      1
 -1.562919E+00  2.621003E-01  4.156206E-07      1      1      2     14      7      1
 -1.458509E+00  3.528070E-01  6.611998E-05      1      1      2     14      7      1
 -1.251398E+00 -3.944047E-03  1.282518E-06      1      1      2     14      7      1
 -2.386460E+00  4.778260E-01  2.415231E-05      1      1      2     14      7      1
 -1.894442E+00  3.525521E-01  5.402565E-08      1      1      2     14      7      1
 -1.091582E+00 -1.176303E-01  3.278230E-05      1      1      2     14      7      1
 -1.965444E+00  3.752778E-01  1.137440E-06      1      1      2     14      7      1
 -2.127307E+00  2.737353E-01  3.490634E-08      1      1      2     14      7      1
 -3.993317E+00  3.091150E-01  2.902461E-07      1      1      2     14      7      1
 -1.707305E+00  2.776300E-01  5.138463E-07      1      1      2     14      7      1
 -1.198274E+00  1.228651E-01  2.777736E-05      1      1      2     14      7      1
 -1.545375E+00  3.480560E-01  9.259810E-06      1      1      2     14      7      1
 -1.227928E+00  1.649659E-01  3.834498E-06      1      1      2     14      7      1
 -1.241444E+00  2.533034E-01  4.534633E-05      1      1      2     14      7      1
 -1.455882E+00  2.446258E-01  2.302530E-05      1      1      2     14      7      1
 -1.349788E+00  3.235484E-01  6.872259E-06      1      1      2     14      7      1
 -1.467878E+00  3.045066E-01  4.772739E-07      1      1      2     14      7      1
 -1.471324E+00  1.712659E-01  1.830515E-06      1      1      2     14      7      1
 -1.659049E+00  3.704753E-01  6.405502E-05      1      1      2     14      7      1
 -1.198240E+00  1.359649E-01  1.130793E-06      1      1      2     14      7      1
 -1.531006E+00  2.879095E-01  1.713205E-05      1      1      2     14      7      1
 -1.371657E+00  2.999135E-01  4.588399E-05      1      1      2     14      7      1
 -1.282142E+00  1.972114E-01  2.701814E-05      1      1      2     14      7      1
 -1.299931E+00  1.861446E-01  1.834946E-05      1      1      2     14      7      1
 -1.405754E+00 -3.381448E-02  1.863513E-07      1      1      2     14      7      1
 -1.605476E+00  2.054143E-01  8.486411E-07      1      1      2     14      7      1
 -2.156734E+00  4.597301E-01  1.522248E-05      1      1      2     14      7      1
 -1.168424E+00  1.297883E-01  2.380786E-05      1      1      2     14      7      1
 -1.479009E+00  2.605770E-01  3.989591E-06      1      1      2     14      7      1
 -1.246767E+00  4.243324E-02  1.589455E-05      1      1      2     14      7      1
 -1.579417E+00  2.807358E-01  5.609356E-05      1      1      2     14      7      1
 -1.261220E+00  2.514988E-01  1.868180E-06      1      1      2     14      7      1
 -1.435418E+00  4.679730E-02  1.037205E-05      1      1      2     14      7      1
 -1.525050E+00  2.587408E-01  2.317921E-06      1      1      2     14      7      1
 -2.333364E+00  4.084052E-01  2.888458E-08      1      1      2     14      7      1
 -1.590007E+00  2.563337E-01  1.837871E-06      1      1      2     14      7      1
 -1.634721E+00  6.926608E-02  7.087322E-08      1      1      2     14      7      1
 -1.247890E+00 -1.223771E-01  8.753467E-07      1      1      2     14      7      1
 -1.653556E+00  1.355305E-01  9.787128E-07      1      1      2     14      7      1
 -1.210028E+00  8.049950E-02  1.558053E-05      1      1      2     14      7      1
 -1.222758E+00  3.597075E-02  4.779829E-06      1      1      2     14      7      1
 -1.181595E+00 -9.169041E-02  1.195814E-05      1      1      2     14      7      1
 -1.332146E+00 -2.142154E-03  1.185858E-06      1      1      2     14      7      1
 -1.634512E+00  4.173436E-02  3.328155E-06      1      1      2     14      7      1
 -1.665455E+00  2.895127E-01  3.045738E-07      1      1      2     14      7      1
 -1.281221E+00  3.198553E-02  1.510668E-05      1      1      2     14      7      1
 -1.258732E+00  8.142326E-02  1.699498E-05      1      1      2     14      7      1
 -1.672794E+00  3.264488E-01  1.028549E-05      1      1      2     14      7      1
 -1.230791E+00 -1.292515E-02  9.546955E-06      1      1      2     14      7      1
 -1.460813E+00  2.545598E-01  4.840684E-05      1      1      2     14      7      1
 -1.287688E+00  2.443453E-01  8.376222E-06      1      1      2     14      7      1
 -1.537314E+00  2.845298E-01  2.923288E-05      1      1      2     14      7      1
 -1.192084E+00  5.242394E-03  7.814045E-06      1      1      2     14      7      1
 -1.481088E+00  2.822379E-01  3.471727E-05      1      1      2     14      7      1
 -1.226428E+00  2.186358E-01  1.049465E-04      1      1      2     14      7      1
 -1.184933E+00 -1.045591E-01  2.475230E-06      1      1      2     14      7      1
 -1.459772E+00  1.542486E-02  1.429045E-06      1      1      2     14      7      1
