 -1.200288E+00  5.586046E-03  1.893367E-05      0      1      0      2      7      1
 -1.666979E+00  2.521799E-01  2.369785E-06      0      1      0      2      7      1
 -7.553448E-01  1.007713E-01  5.086834E-04      1      0      2     14      9      7
 -8.251559E-01  7.054257E-02  7.677753E-05      1      0      2     14      9      7
 -1.123536E+00  2.030400E-01  1.590714E-03      1      0      2     14      9      7
 -9.207241E-01  1.795052E-01  1.857774E-04      1      0      2     14      9      7
 -1.354125E+00  2.936431E-01  1.404253E-04      1      0      2     14      9      7
 -9.084135E-01  5.820980E-02  3.603820E-05      1      0      2     14      9      7
 -1.279068E+00  2.171624E-01  1.844990E-05      1      0      2     14      9      7
 -5.636655E-01  9.735290E-02  3.425547E-03      1      0      2     14      9      7
 -1.548681E+00  4.000649E-01  4.939294E-05      1      0      2     14      9      7
 -1.190761E+00  1.941814E-01  1.530516E-04      1      0      2     14      9      7
 -9.395831E-01  8.245798E-02  1.789257E-04      1      0      2     14      9      7
 -6.052697E-01  4.802839E-02  9.110245E-04      1      0      2     14      9      7
 -7.107965E-01 -4.565548E-02  3.624265E-04      1      0      2     14      9      7
 -7.599324E-01  3.092432E-02  1.426056E-03      1      0      2     14      9      7
 -1.138940E+00  1.029795E-02  5.024228E-05      1      0      2     14      9      7
 -9.483242E-01  1.705549E-01  5.384540E-04      1      0      2     14      9      7
 -1.228301E+00  2.516217E-01  9.134324E-04      1      0      2     14      9      7
 -1.349951E+00  1.352761E-01  1.961708E-05      1      0      2     14      9      7
 -6.794714E-01  1.087602E-01  8.255215E-04      1      0      2     14      9      7
 -9.100399E-01  3.638101E-02  1.740705E-03      1      0      2     14      9      7
 -6.657407E-01  2.449331E-02  1.405523E-03      1      0      2     14      9      7
 -6.070952E-01  3.391356E-03  1.621929E-03      1      0      2     14      9      7
 -1.469467E+00  3.805373E-01  6.118298E-03      1      0      2     14      9      7
 -1.093858E+00  7.856439E-02  2.896637E-05      1      0      2     14      9      7
 -1.115759E+00  2.321351E-01  3.182172E-05      1      0      2     14      9      7
 -1.203711E+00  2.153936E-01  2.580630E-05      1      0      2     14      9      7
 -1.398941E+00  2.704669E-01  1.691409E-05      1      0      2     14      9      7
 -1.541691E+00  3.646862E-01  6.481237E-05      1      0      2     14      9      7
 -5.864531E-01  1.490291E-01  2.560623E-04      1      0      2     14      9      7
 -1.672598E+00  2.566674E-01  1.478067E-04      1      0      2     14      9      7
 -7.266905E-01  8.528877E-02  1.074588E-03      1      0      2     14      9      7
 -1.084969E+00  1.408653E-01  6.504879E-06      1      0      2     14      9      7
 -1.153849E+00  2.295981E-01  1.127037E-03      1      0      2     14      9      7
 -5.534290E-01  2.474720E-02  3.034501E-04      1      0      2     14      9      7
 -7.900408E-01  1.160314E-01  1.552669E-03      1      0      2     14      9      7
 -1.467147E+00  1.754800E-01  5.617890E-04      1      0      2     14      9      7
 -1.303277E+00  1.913935E-01  2.536456E-06      1      0      2     14      9      7
 -7.309964E-01  1.086947E-01  4.198182E-03      1      0      2     14      9      7
 -8.555404E-01 -6.884873E-02  2.824706E-05      1      0      2     14      9      7
 -7.798524E-01  1.843849E-01  1.319889E-03      1      0      2     14      9      7
 -9.900386E-01  1.959482E-01  4.654285E-04      1      0      2     14      9      7
 -7.677834E-01  1.062262E-01  1.121301E-03      1      0      2     14      9      7
 -7.366471E-01  6.469481E-02  1.294234E-03      1      0      2     14      9      7
 -5.782725E-01  4.907595E-02  2.004700E-03      1      0      2     14      9      7
 -1.209530E+00  2.090959E-01  2.334979E-03      1      0      2     14      9      7
 -5.812251E-01  5.976734E-02  1.308594E-03      1      0      2     14      9      7
 -9.655904E-01  1.582442E-01  5.713768E-04      1      0      2     14      9      7
 -9.721583E-01  2.717135E-01  7.172528E-04      1      0      2     14      9      7
 -9.071769E-01  4.833429E-02  2.838102E-05      1      0      2     14      9      7
 -6.407112E-01  4.988693E-02  7.222438E-05      1      0      2     14      9      7
 -9.217390E-01  7.306944E-02  4.756731E-05      1      0      2     14      9      7
 -1.191684E+00  2.546130E-01  1.033960E-03      1      0      2     14      9      7
 -9.623374E-01  2.025937E-01  1.905188E-04      1      0      2     14      9      7
 -1.166063E+00  2.236595E-01  4.955056E-04      1      0      2     14      9      7
 -9.935183E-01  1.032261E-01  1.551355E-04      1      0      2     14      9      7
 -1.178623E+00  2.056109E-01  1.201857E-04      1      0      2     14      9      7
 -1.390372E+00  2.548129E-01  9.431592E-06      1      0      2     14      9      7
 -1.133566E+00  7.372394E-02  5.927854E-05      1      0      2     14      9      7
 -8.737087E-01  3.397566E-01  4.122266E-04      1      0      2     14      9      7
 -1.302556E+00  2.131972E-01  2.246937E-03      1      0      2     14      9      7
 -1.053476E+00  1.943339E-01  4.099019E-04      1      0      2     14      9      7
 -8.505490E-01  1.027639E-01  7.183911E-04      1      0      2     14      9      7
 -1.075227E+00  2.627480E-01  1.353950E-03      1      0      2     14      9      7
 -1.716605E+00  2.839029E-01  8.326140E-04      1      0      2     14      9      7
 -8.484646E-01  3.829104E-02  3.604827E-04      1      0      2     14      9      7
 -6.766226E-01  5.694717E-02  1.284383E-03      1      0      2     14      9      7
 -1.116618E+00  2.100413E-01  3.081171E-03      1      0      2     14      9      7
 -1.193253E+00  1.987748E-02  1.618383E-05      1      0      2     14      9      7
 -7.506598E-01  1.706092E-01  4.461652E-04      1      0      2     14      9      7
 -9.678840E-01  2.329621E-01  5.248384E-04      1      0      2     14      9      7
 -6.330304E-01 -3.934013E-02  1.874060E-04      1      0      2     14      9      7
 -1.205518E+00  2.032812E-01  1.156194E-03      1      0      2     14      9      7
 -6.190356E-01  1.642863E-01  4.628892E-04      1      0      2     14      9      7
 -1.353514E+00  2.484932E-01  6.096846E-04      1      0      2     14      9      7
 -7.836770E-01  2.024720E-01  5.595562E-03      1      0      2     14      9      7
 -8.561156E-01  2.461142E-01  5.877069E-03      1      0      2     14      9      7
 -1.512618E+00  2.451315E-01  1.441554E-04      1      0      2     14      9      7
 -1.155907E+00 -3.371075E-03  2.768667E-04      1      0      2     14      9      7
 -1.099295E+00  7.400472E-02  3.932917E-05      1      0      2     14      9      7
 -1.001295E+00  1.577659E-01  1.704324E-03      1      0      2     14      9      7
 -1.775541E+00  4.279576E-01  9.551550E-04      1      0      2     14      9      7
 -1.076691E+00  2.869845E-01  1.188898E-03      1      0      2     14      9      7
 -6.209701E-01  2.252287E-02  2.035960E-04      1      0      2     14      9      7
 -7.625144E-01  1.503659E-01  4.597370E-04      1      0      2     14      9      7
 -1.087649E+00  2.949283E-01  1.122659E-03      1      0      2     14      9      7
 -9.124530E-01  1.364763E-01  2.245448E-03      1      0      2     14      9      7
 -1.156418E+00  1.963253E-01  1.670438E-04      1      0      2     14      9      7
 -1.108427E+00  1.611857E-01  1.852739E-04      1      0      2     14      9      7
 -6.298622E-01  4.849603E-02  6.475546E-04      1      0      2     14      9      7
 -9.542858E-01  1.437954E-01  2.723529E-04      1      0      2     14      9      7
 -9.292861E-01  1.028888E-01  4.373741E-05      1      0      2     14      9      7
 -1.190038E+00  1.301237E-01  4.691498E-04      1      0      2     14      9      7
 -7.474890E-01  4.691126E-02  6.025046E-04      1      0      2     14      9      7
 -1.000045E+00  8.721410E-02  8.692143E-04      1      0      2     14      9      7
 -8.605873E-01  1.548378E-01  6.489556E-03      1      0      2     14      9      7
 -1.259518E+00  1.034967E-01  2.354987E-05      1      0      2     14      9      7
 -9.320887E-01  1.780108E-01  8.735485E-04      1      0      2     14      9      7
 -1.640001E+00  2.368273E-01  1.135311E-03      1      0      2     14      9      7
 -5.216713E-01  1.040311E-01  6.911160E-04      1      0      2     14      9      7
 -6.964268E-01  6.358098E-02  2.196064E-03      1      0      2     14      9      7
 -6.383852E-01  4.319451E-02  9.651370E-04      1      0      2     14      9      7
 -7.908447E-01  3.651677E-02  1.517732E-04      1      0      2     14      9      7
 -1.058837E+00 -1.905223E-02  6.189222E-05      1      0      2     14      9      7
 -1.247648E+00  3.020596E-01  2.266813E-04      1      0      2     14      9      7
 -1.571828E+00  3.391600E-01  1.648066E-03      1      0      2     14      9      7
 -7.917152E-01  1.511473E-01  2.276270E-03      1      0      2     14      9      7
 -7.642998E-01  1.151965E-01  4.745786E-04      1      0      2     14      9      7
 -9.774382E-01  1.736300E-01  2.117960E-04      1      0      2     14      9      7
 -6.189100E-01  4.995136E-02  7.876078E-05      1      0      2     14      9      7
 -7.962377E-01  8.541963E-02  6.461099E-05      1      0      2     14      9      7
 -5.098607E-01  1.126467E-01  5.742226E-04      1      0      2     14      9      7
 -1.337107E+00  2.579106E-01  5.655978E-04      1      0      2     14      9      7
 -6.402563E-01  7.841221E-02  1.376803E-03      1      0      2     14      9      7
 -1.009113E+00  3.016624E-01  5.754922E-03      1      0      2     14      9      7
 -9.498792E-01  2.079727E-01  9.273108E-04      1      0      2     14      9      7
 -1.273106E+00  2.583118E-01  2.725719E-05      1      0      2     14      9      7
 -8.680220E-01  1.444162E-01  1.342173E-03      1      0      2     14      9      7
 -1.554210E+00  3.918984E-01  6.951000E-05      1      0      2     14      9      7
 -7.967834E-01  1.106121E-01  8.278419E-04      1      0      2     14      9      7
 -8.997508E-01  9.125115E-02  1.264682E-04      1      0      2     14      9      7
 -7.253879E-01  1.050113E-01  1.311045E-04      1      0      2     14      9      7
 -6.646172E-01  3.528585E-02  2.216378E-03      1      0      2     14      9      7
 -8.538565E-01  7.389986E-02  6.701014E-04      1      0      2     14      9      7
 -7.898561E-01  1.080257E-01  8.126939E-05      1      0      2     14      9      7
 -3.999123E+00  2.955229E-01  3.583725E-04      1      0      2     14      9      7
 -1.316992E+00  3.206942E-01  2.933018E-04      1      0      2     14      9      7
 -7.518969E-01  8.009006E-02  1.032077E-03      1      0      2     14      9      7
 -8.574367E-01  1.236812E-01  9.991105E-04      1      0      2     14      9      7
 -1.131596E+00  3.056731E-01  3.452078E-04      1      0      2     14      9      7
 -9.726963E-01  1.160786E-01  8.380427E-04      1      0      2     14      9      7
 -1.165088E+00  9.368087E-02  3.495639E-05      1      0      2     14      9      7
 -8.578108E-01  1.163544E-01  1.237275E-03      1      0      2     14      9      7
 -1.341362E+00  3.591666E-01  2.008816E-03      1      0      2     14      9      7
 -9.406082E-01  2.599756E-01  2.272767E-04      1      0      2     14      9      7
 -6.163477E-01  7.333745E-02  4.617947E-04      1      0      2     14      9      7
 -7.762379E-01  8.463150E-02  5.942302E-04      1      0      2     14      9      7
 -1.045658E+00  9.993872E-02  1.711898E-03      1      0      2     14      9      7
 -1.769389E+00  4.047921E-01  4.186886E-04      1      0      2     14      9      7
 -8.158355E-01  2.072683E-02  8.677695E-04      1      0      2     14      9      7
 -1.157362E+00  1.932914E-01  5.564478E-05      1      0      2     14      9      7
 -6.434438E-01  7.238797E-02  1.388580E-04      1      0      2     14      9      7
 -5.573386E-01  2.919730E-02  7.128748E-04      1      0      2     14      9      7
 -1.059687E+00  1.183819E-01  6.431766E-04      1      0      2     14      9      7
 -9.095404E-01  9.717304E-02  3.482417E-04      1      0      2     14      9      7
 -9.083349E-01  8.270304E-02  8.167217E-04      1      0      2     14      9      7
 -7.266043E-01  4.278425E-02  2.115202E-03      1      0      2     14      9      7
 -1.370610E+00  2.534261E-01  8.506952E-04      1      0      2     14      9      7
 -1.868810E+00  2.845532E-01  1.382670E-05      1      0      2     14      9      7
 -7.567365E-01  1.002540E-01  6.566171E-03      1      0      2     14      9      7
 -8.230839E-01  1.720872E-01  2.715080E-03      1      0      2     14      9      7
 -8.623524E-01  7.188321E-03  3.835243E-04      1      0      2     14      9      7
 -7.325728E-01  1.053871E-01  3.684507E-04      1      0      2     14      9      7
 -1.311692E+00  2.190455E-01  2.253898E-04      1      0      2     14      9      7
 -1.081763E+00  1.718964E-01  2.102331E-04      1      0      2     14      9      7
 -8.812240E-01  7.340692E-02  3.178582E-04      1      0      2     14      9      7
 -8.931501E-01  2.329714E-01  1.171999E-03      1      0      2     14      9      7
 -1.635438E+00  3.807157E-01  3.347486E-05      1      0      2     14      9      7
 -1.073668E+00  8.220817E-02  3.267281E-05      1      0      2     14      9      7
 -1.392529E+00  2.779910E-01  2.563031E-05      1      0      2     14      9      7
 -2.554270E+00  4.468434E-01  2.485277E-03      1      0      2     14      9      7
 -1.053231E+00  2.104922E-01  4.919594E-04      1      0      2     14      9      7
 -7.136654E-01  8.334858E-02  2.976361E-04      1      0      2     14      9      7
 -7.476779E-01  1.623863E-01  5.195410E-03      1      0      2     14      9      7
 -6.318401E-01  1.074360E-01  1.486473E-04      1      0      2     14      9      7
 -1.178147E+00  2.175178E-01  3.485088E-04      1      0      2     14      9      7
 -8.451131E-01  7.335922E-02  5.367466E-04      1      0      2     14      9      7
 -1.116179E+00  2.937133E-01  5.557473E-04      1      0      2     14      9      7
 -8.779125E-01  1.424486E-01  1.031683E-03      1      0      2     14      9      7
 -1.107522E+00  2.516744E-01  2.776635E-03      1      0      2     14      9      7
 -2.075461E+00  4.185858E-01  2.222114E-04      1      0      2     14      9      7
 -1.453703E+00  3.090840E-01  2.304420E-03      1      0      2     14      9      7
 -6.251635E-01  4.339958E-02  4.623639E-04      1      0      2     14      9      7
 -1.102075E+00  1.295982E-01  5.372720E-05      1      0      2     14      9      7
 -8.604775E-01  1.749600E-01  4.933603E-04      1      0      2     14      9      7
 -9.165524E-01  1.132482E-01  1.475834E-03      1      0      2     14      9      7
 -1.147965E+00  3.318370E-01  6.563982E-04      1      0      2     14      9      7
 -6.607278E-01  1.844111E-01  2.722829E-03      1      0      2     14      9      7
 -5.813164E-01  7.705568E-02  6.993029E-04      1      0      2     14      9      7
 -7.511939E-01  1.874437E-01  5.952371E-03      1      0      2     14      9      7
 -8.414039E-01  2.035186E-01  8.576563E-04      1      0      2     14      9      7
 -9.321549E-01  3.121876E-02  4.910837E-05      1      0      2     14      9      7
 -9.641363E-01  7.831851E-02  1.955623E-04      1      0      2     14      9      7
 -1.359943E+00  3.170280E-01  2.901759E-03      1      0      2     14      9      7
 -8.044985E-01  3.653357E-02  3.675795E-04      1      0      2     14      9      7
 -9.813410E-01  1.657135E-01  3.266099E-04      1      0      2     14      9      7
 -8.011763E-01  1.304589E-01  4.095473E-04      1      0      2     14      9      7
 -8.763179E-01  1.279698E-01  2.214671E-03      1      0      2     14      9      7
 -1.460722E+00  2.671105E-01  5.069322E-04      1      0      2     14      9      7
 -9.961798E-01  1.274014E-01  1.624819E-03      1      0      2     14      9      7
 -5.581356E-01  2.634161E-02  2.589956E-03      1      0      2     14      9      7
 -8.624812E-01  1.062186E-01  2.591400E-04      1      0      2     14      9      7
 -7.649406E-01  1.141642E-01  4.195336E-04      1      0      2     14      9      7
 -1.120364E+00  1.758915E-01  3.243902E-04      1      0      2     14      9      7
 -5.769764E-01  4.395292E-02  6.566609E-03      1      0      2     14      9      7
 -8.533798E-01  5.093905E-02  5.953685E-04      1      0      2     14      9      7
 -4.036981E+00  3.623108E-01  3.516391E-04      1      0      2     14      9      7
 -1.482459E+00  2.561768E-01  4.540018E-05      1      0      2     14      9      7
 -1.138167E+00  2.090308E-01  5.597313E-05      1      0      2     14      9      7
 -6.457333E-01  1.233682E-01  2.748878E-03      1      0      2     14      9      7
 -7.501979E-01  6.882277E-02  3.258963E-04      1      0      2     14      9      7
 -1.289830E+00  2.745417E-01  4.100902E-04      1      0      2     14      9      7
 -8.303202E-01  1.552017E-01  1.425005E-04      1      0      2     14      9      7
 -1.077940E+00  7.313116E-02  6.163392E-04      1      0      2     14      9      7
 -6.036409E-01  1.712551E-01  6.431766E-04      1      0      2     14      9      7
 -9.418379E-01  1.327727E-01  2.272811E-03      1      0      2     14      9      7
 -8.265012E-01  1.451557E-01  1.065350E-03      1      0      2     14      9      7
 -5.466209E-01  7.505343E-02  1.410470E-03      1      0      2     14      9      7
 -7.498015E-01  9.943077E-02  9.041072E-04      1      0      2     14      9      7
 -6.433241E-01  9.108654E-02  4.761109E-03      1      0      2     14      9      7
 -1.063682E+00  2.121265E-01  2.289754E-03      1      0      2     14      9      7
 -7.136998E-01  8.311357E-02  2.179296E-03      1      0      2     14      9      7
 -1.309565E+00  2.152744E-01  3.279101E-05      1      0      2     14      9      7
 -8.859800E-01  4.674536E-02  4.041886E-05      1      0      2     14      9      7
 -1.040948E+00  8.287634E-02  7.623466E-05      1      0      2     14      9      7
 -1.007570E+00  2.966330E-01  2.605366E-04      1      0      2     14      9      7
 -6.184832E-01  1.317863E-01  2.404590E-03      1      0      2     14      9      7
 -1.084213E+00  2.690099E-01  1.683003E-03      1      0      2     14      9      7
 -6.125165E-01  7.838421E-02  2.538382E-04      1      0      2     14      9      7
 -7.508768E-01  1.703814E-01  3.902096E-04      1      0      2     14      9      7
 -9.566894E-01  1.291072E-01  2.775847E-03      1      0      2     14      9      7
 -7.487708E-01  2.129551E-01  6.528520E-04      1      0      2     14      9      7
 -9.520727E-01  9.839396E-02  2.536150E-05      1      0      2     14      9      7
 -5.722435E-01  1.491274E-01  5.431385E-03      1      0      2     14      9      7
 -8.905674E-01  1.891254E-01  9.740681E-05      1      0      2     14      9      7
 -6.671790E-01  4.199800E-02  6.307429E-04      1      0      2     14      9      7
 -1.233018E+00  2.853029E-01  2.941380E-04      1      0      2     14      9      7
 -9.498792E-01  2.079727E-01  9.273108E-04      1      0      2     14      9      7
 -9.675972E-01  1.079982E-01  1.402327E-05      1      0      2     14      9      7
 -1.414505E+00  3.075932E-01  9.174602E-05      1      0      2     14      9      7
 -7.725524E-01  3.848799E-02  3.603820E-04      1      0      2     14      9      7
 -1.173598E+00  2.771213E-01  5.164763E-04      1      0      2     14      9      7
 -7.929157E-01  1.419587E-01  1.247870E-03      1      0      2     14      9      7
 -9.358282E-01  1.157937E-01  8.180351E-04      1      0      2     14      9      7
 -8.403245E-01  1.031093E-01  2.992910E-04      1      0      2     14      9      7
 -1.169223E+00  1.034780E-01  2.125140E-05      1      0      2     14      9      7
 -9.288356E-01  1.273365E-01  6.188785E-03      1      0      2     14      9      7
 -7.745723E-01  1.580495E-01  1.059834E-03      1      0      2     14      9      7
 -1.035275E+00  1.953293E-01  6.890583E-05      1      0      2     14      9      7
 -6.698804E-01  1.277330E-01  4.986140E-04      1      0      2     14      9      7
 -7.690164E-01  1.653708E-01  3.267193E-04      1      0      2     14      9      7
 -1.284726E+00  3.504142E-01  1.397424E-03      1      0      2     14      9      7
 -1.426508E+00  2.631233E-01  1.315204E-04      1      0      2     14      9      7
 -1.712223E+00  3.361203E-01  4.869684E-04      1      0      2     14      9      7
 -1.260300E+00  3.171193E-01  4.985264E-04      1      0      2     14      9      7
 -1.055259E+00  2.055627E-01  2.592276E-04      1      0      2     14      9      7
 -7.734512E-01  2.586465E-01  4.420936E-03      1      0      2     14      9      7
 -1.169084E+00  2.215034E-01  5.980828E-04      1      0      2     14      9      7
 -8.088786E-01  1.047117E-01  1.017498E-04      1      0      2     14      9      7
 -6.027612E-01  5.982763E-02  2.452442E-03      1      0      2     14      9      7
 -1.130147E+00  1.087592E-01  3.725529E-05      1      0      2     14      9      7
 -1.249272E+00  3.331645E-01  5.635840E-05      1      0      2     14      9      7
 -5.122168E-01  1.198487E-01  1.256889E-03      1      0      2     14      9      7
 -1.065863E+00  1.119043E-01  4.801825E-04      1      0      2     14      9      7
 -1.173984E+00  2.656141E-01  8.182978E-04      1      0      2     14      9      7
 -9.743779E-01  1.107355E-01  7.842805E-05      1      0      2     14      9      7
 -7.528344E-01  1.325984E-01  1.786237E-03      1      0      2     14      9      7
 -6.070573E-01  3.566173E-02  2.228637E-04      1      0      2     14      9      7
 -6.802186E-01  9.064107E-02  9.666693E-05      1      0      2     14      9      7
 -9.903298E-01  1.555148E-01  1.239858E-03      1      0      2     14      9      7
 -8.120086E-01 -1.370345E-02  1.371068E-04      1      0      2     14      9      7
 -9.245876E-01  2.424976E-01  4.272521E-04      1      0      2     14      9      7
 -7.323859E-01  1.235762E-01  1.482051E-03      1      0      2     14      9      7
 -8.990327E-01  1.391716E-01  5.895457E-04      1      0      2     14      9      7
 -7.837325E-01  7.686189E-02  3.976522E-04      1      0      2     14      9      7
 -1.476393E+00  3.176117E-01  1.246557E-04      1      0      2     14      9      7
 -8.886999E-01  2.242593E-01  5.607382E-03      1      0      2     14      9      7
 -5.944150E-01  4.964013E-02  1.364764E-03      1      0      2     14      9      7
 -7.951662E-01  7.045562E-02  6.499625E-04      1      0      2     14      9      7
 -8.625180E-01  1.786089E-01  2.152109E-03      1      0      2     14      9      7
 -1.064898E+00  1.334566E-01  3.983439E-05      1      0      2     14      9      7
 -8.144954E-01  9.958718E-02  9.531849E-05      1      0      2     14      9      7
 -1.030604E+00  1.789980E-01  2.256175E-03      1      0      2     14      9      7
 -1.485468E+00  2.638750E-01  1.054493E-03      1      0      2     14      9      7
 -9.114669E-01  8.217429E-02  3.380935E-04      1      0      2     14      9      7
 -1.144762E+00  2.188474E-01  1.229088E-03      1      0      2     14      9      7
 -7.926631E-01 -2.447777E-03  2.718320E-03      1      0      2     14      9      7
 -1.319606E+00  2.542419E-01  1.057820E-04      1      0      2     14      9      7
 -1.581626E+00  2.884778E-01  1.406355E-04      1      0      2     14      9      7
 -6.662452E-01  9.668323E-02  1.541242E-03      1      0      2     14      9      7
 -1.248485E+00  2.873604E-01  2.587767E-04      1      0      2     14      9      7
 -9.045904E-01  1.170664E-01  4.396857E-04      1      0      2     14      9      7
 -6.627381E-01  6.595331E-02  3.005956E-03      1      0      2     14      9      7
 -9.746020E-01  5.740721E-02  2.234678E-04      1      0      2     14      9      7
 -8.296461E-01  7.941935E-02  2.661230E-04      1      0      2     14      9      7
 -1.124910E+00  5.453238E-02  2.744631E-05      1      0      2     14      9      7
 -7.976345E-01  5.000174E-02  3.834849E-04      1      0      2     14      9      7
 -1.097199E+00  3.012325E-01  1.743551E-03      1      0      2     14      9      7
 -1.182940E+00  2.232811E-01  9.053768E-04      1      0      2     14      9      7
 -1.105502E+00  1.713771E-01  2.774052E-03      1      0      2     14      9      7
 -1.143322E+00  2.592888E-01  1.050727E-03      1      0      2     14      9      7
 -5.987623E-01  1.028739E-01  3.860022E-04      1      0      2     14      9      7
 -8.138180E-01  2.080156E-01  4.077873E-04      1      0      2     14      9      7
 -1.039360E+00  2.669355E-01  2.880044E-04      1      0      2     14      9      7
 -6.987849E-01  1.003564E-01  2.043752E-03      1      0      2     14      9      7
 -8.271023E-01  1.487299E-01  3.282341E-04      1      0      2     14      9      7
 -8.165084E-01 -4.574352E-02  2.469866E-04      1      0      2     14      9      7
 -9.362662E-01  1.937663E-01  6.129244E-05      1      0      2     14      9      7
 -1.137502E+00  2.024336E-01  1.367040E-03      1      0      2     14      9      7
 -9.467081E-01  4.487308E-02  4.717329E-05      1      0      2     14      9      7
 -1.240855E+00  1.839918E-01  3.286544E-04      1      0      2     14      9      7
 -1.155835E+00  1.500401E-01  7.160270E-05      1      0      2     14      9      7
 -2.397452E+00  4.313068E-01  9.871585E-05      1      0      2     14      9      7
 -8.773691E-01  2.523768E-01  5.900273E-04      1      0      2     14      9      7
 -9.066677E-01  1.668674E-01  8.391372E-04      1      0      2     14      9      7
 -4.066253E+00  2.829412E-01  2.350959E-04      1      0      2     14      9      7
 -1.182159E+00  2.432897E-01  2.442285E-03      1      0      2     14      9      7
 -7.176595E-01  7.526332E-02  9.665817E-04      1      0      2     14      9      7
 -7.773552E-01  2.359098E-02  2.872426E-05      1      0      2     14      9      7
 -8.667663E-01 -1.411778E-02  3.541915E-04      1      0      2     14      9      7
 -5.319587E-01  1.690807E-01  4.132686E-03      1      0      2     14      9      7
 -5.964887E-01  9.462402E-02  6.365219E-03      1      0      2     14      9      7
 -5.353190E-01  1.120749E-01  1.790133E-04      1      0      2     14      9      7
 -2.220875E+00  3.587501E-01  1.491770E-03      1      0      2     14      9      7
 -1.366458E+00  2.654976E-01  3.000921E-04      1      0      2     14      9      7
 -7.298349E-01  1.353312E-01  2.040819E-03      1      0      2     14      9      7
 -1.349971E+00  2.894003E-01  2.026678E-04      1      0      2     14      9      7
 -6.586180E-01 -2.091816E-02  2.142959E-03      1      0      2     14      9      7
 -2.021562E+00  3.109136E-01  4.627579E-05      1      0      2     14      9      7
 -1.118093E+00  4.742186E-02  4.403424E-05      1      0      2     14      9      7
 -8.692333E-01  1.385108E-01  6.127055E-04      1      0      2     14      9      7
 -7.138310E-01  1.183855E-01  1.141396E-03      1      0      2     14      9      7
 -1.105887E+00  2.053403E-01  2.769980E-03      1      0      2     14      9      7
 -6.786866E-01  7.542724E-02  3.101003E-04      1      0      2     14      9      7
 -9.960914E-01  1.319027E-01  9.009113E-05      1      0      2     14      9      7
 -6.196951E-01  1.204143E-01  2.183631E-03      1      0      2     14      9      7
 -1.218398E+00  1.905813E-01  4.448955E-05      1      0      2     14      9      7
 -1.501972E+00  3.702040E-01  1.478374E-03      1      0      2     14      9      7
 -2.050521E+00  3.640857E-01  4.087067E-04      1      0      2     14      9      7
 -1.214591E+00  3.359688E-01  4.672673E-04      1      0      2     14      9      7
 -1.014958E+00  2.075630E-01  1.576748E-03      1      0      2     14      9      7
 -7.649553E-01 -6.021201E-02  1.837679E-04      1      0      2     14      9      7
 -6.255339E-01  7.963185E-02  1.542074E-03      1      0      2     14      9      7
 -7.629595E-01  4.475576E-02  1.904400E-04      1      0      2     14      9      7
 -1.359106E+00  2.954122E-01  2.749010E-03      1      0      2     14      9      7
 -1.134414E+00  2.131828E-01  1.187804E-04      1      0      2     14      9      7
 -7.536781E-01  1.403245E-01  9.645678E-05      1      0      2     14      9      7
 -8.467216E-01  1.212615E-01  5.101720E-04      1      0      2     14      9      7
 -1.193981E+00  1.434163E-01  2.010961E-05      1      0      2     14      9      7
 -6.207931E-01  1.555190E-01  6.218118E-03      1      0      2     14      9      7
 -1.303629E+00  3.170136E-01  2.308098E-04      1      0      2     14      9      7
 -6.243313E-01  2.759787E-02  1.138682E-04      1      0      2     14      9      7
 -5.710286E-01  3.310272E-02  7.646231E-04      1      0      2     14      9      7
 -7.782298E-01  4.991484E-02  2.315803E-03      1      0      2     14      9      7
 -8.314144E-01  2.459284E-01  4.827655E-03      1      0      2     14      9      7
 -1.299727E+00  2.281770E-01  1.837241E-03      1      0      2     14      9      7
 -9.793596E-01  1.563576E-01  7.961450E-05      1      0      2     14      9      7
 -7.169161E-01  7.305149E-03  1.315029E-03      1      0      2     14      9      7
 -8.884932E-01  1.050378E-01  1.519177E-03      1      0      2     14      9      7
 -1.423387E+00  2.738294E-01  1.988327E-04      1      0      2     14      9      7
 -1.432681E+00  2.118330E-01  2.944839E-04      1      0      2     14      9      7
 -1.180383E+00  3.231080E-01  1.395585E-03      1      0      2     14      9      7
 -9.837634E-01  8.060403E-02  1.133078E-04      1      0      2     14      9      7
 -1.135469E+00  1.297398E-01  5.455902E-04      1      0      2     14      9      7
 -7.934868E-01  1.254465E-01  6.926483E-04      1      0      2     14      9      7
 -7.300560E-01  4.785061E-02  9.651807E-04      1      0      2     14      9      7
 -9.629314E-01  1.810517E-01  5.170017E-04      1      0      2     14      9      7
 -1.213147E+00  1.929521E-01  1.699595E-03      1      0      2     14      9      7
 -5.237505E-01  4.500676E-02  5.585930E-03      1      0      2     14      9      7
 -1.206688E+00  1.196287E-01  5.208982E-05      1      0      2     14      9      7
 -7.261121E-01  1.276440E-01  8.156710E-05      1      0      2     14      9      7
 -8.843978E-01  1.930570E-01  1.110225E-03      1      0      2     14      9      7
 -9.600993E-01  1.495773E-01  2.048875E-04      1      0      2     14      9      7
 -7.764406E-01  1.380096E-01  1.053792E-03      1      0      2     14      9      7
 -9.911665E-01  1.177345E-01  1.623593E-04      1      0      2     14      9      7
 -5.925593E-01  1.501503E-01  1.126555E-03      1      0      2     14      9      7
 -1.340449E+00  2.353679E-01  3.266230E-03      1      0      2     14      9      7
 -1.656622E+00  3.743184E-01  5.316243E-04      1      0      2     14      9      7
 -6.819668E-01 -1.179693E-01  9.324331E-04      1      0      2     14      9      7
 -8.021370E-01  5.997401E-02  8.485062E-04      1      0      2     14      9      7
 -1.171243E+00  2.041920E-01  2.863670E-04      1      0      2     14      9      7
 -1.213147E+00  1.929521E-01  1.699595E-03      1      0      2     14      9      7
 -6.206417E-01 -4.211609E-02  7.744299E-04      1      0      2     14      9      7
 -9.945325E-01  1.965163E-01  8.849752E-05      1      0      2     14      9      7
 -1.990273E+00  3.913800E-01  1.303909E-04      1      0      2     14      9      7
 -1.163641E+00  1.371732E-02  3.387589E-05      1      0      2     14      9      7
 -8.609684E-01  1.105239E-01  7.991220E-04      1      0      2     14      9      7
 -2.190242E+00  4.492790E-01  2.276270E-04      1      0      2     14      9      7
 -1.377571E+00  3.647208E-01  8.499072E-04      1      0      2     14      9      7
 -6.215582E-01  4.402594E-02  5.363964E-03      1      0      2     14      9      7
 -1.505108E+00  2.689618E-01  1.239815E-04      1      0      2     14      9      7
 -1.064434E+00  1.003119E-01  2.058069E-04      1      0      2     14      9      7
 -6.577133E-01  1.914810E-03  1.695568E-03      1      0      2     14      9      7
 -8.974245E-01  1.868896E-01  9.766512E-04      1      0      2     14      9      7
 -8.181338E-01  1.479079E-01  8.864200E-04      1      0      2     14      9      7
 -2.032732E+00  4.342614E-01  1.513354E-03      1      0      2     14      9      7
 -6.427811E-01  3.545499E-02  6.572738E-04      1      0      2     14      9      7
 -9.753939E-01 -8.975099E-03  7.117365E-05      1      0      2     14      9      7
 -9.277251E-01  1.714266E-01  8.041130E-05      1      0      2     14      9      7
 -8.443755E-01  4.274258E-02  7.697016E-05      1      0      2     14      9      7
 -6.951750E-01  7.890050E-02  1.948180E-03      1      0      2     14      9      7
 -8.672337E-01 -1.234664E-01  1.001256E-04      1      0      2     14      9      7
 -6.974670E-01  2.051962E-01  1.359204E-03      1      0      2     14      9      7
 -1.056628E+00  1.758266E-01  2.268345E-05      1      0      2     14      9      7
 -1.159500E+00  2.517267E-01  3.337811E-03      1      0      2     14      9      7
 -8.994566E-01  6.267474E-03  2.764552E-04      1      0      2     14      9      7
 -1.385514E+00  2.702186E-01  1.781158E-03      1      0      2     14      9      7
 -7.641871E-01  7.802396E-02  1.654764E-04      1      0      2     14      9      7
 -1.136920E+00  2.526886E-01  6.041245E-05      1      0      2     14      9      7
 -7.780451E-01  1.039159E-01  1.528896E-03      1      0      2     14      9      7
 -8.793729E-01  2.366144E-01  1.627796E-03      1      0      2     14      9      7
 -8.009830E-01  1.110948E-01  1.544219E-03      1      0      2     14      9      7
 -8.950499E-01  1.353726E-01  2.137399E-04      1      0      2     14      9      7
 -7.392392E-01  8.978347E-02  1.954441E-03      1      0      2     14      9      7
 -6.675843E-01  9.433838E-02  1.086277E-03      1      0      2     14      9      7
 -1.100967E+00  2.383075E-01  3.189483E-04      1      0      2     14      9      7
 -1.540224E+00  3.115862E-01  9.403573E-05      1      0      2     14      9      7
 -1.214892E+00  3.115021E-01  2.205915E-03      1      0      2     14      9      7
 -7.389665E-01  1.742498E-01  1.457403E-03      1      0      2     14      9      7
 -1.635783E+00  3.342936E-01  6.560480E-04      1      0      2     14      9      7
 -6.154890E-01  1.472295E-01  6.399806E-03      1      0      2     14      9      7
 -1.004882E+00  2.065283E-01  7.453160E-04      1      0      2     14      9      7
 -1.200640E+00  2.154101E-01  4.895077E-03      1      0      2     14      9      7
 -1.168346E+00  2.301604E-01  7.445718E-04      1      0      2     14      9      7
 -7.459712E-01  1.786720E-01  1.370149E-03      1      0      2     14      9      7
 -1.232201E+00  3.316103E-01  6.658985E-04      1      0      2     14      9      7
 -1.320782E+00  3.018099E-01  2.176801E-04      1      0      2     14      9      7
 -8.287773E-01  1.440094E-01  1.101688E-04      1      0      2     14      9      7
 -8.323789E-01  1.245351E-01  6.877449E-04      1      0      2     14      9      7
 -6.784734E-01  6.862324E-02  9.544546E-04      1      0      2     14      9      7
 -1.217170E+00  2.238295E-01  1.161448E-04      1      0      2     14      9      7
 -1.446070E+00  3.473769E-01  8.450038E-04      1      0      2     14      9      7
 -1.495900E+00  2.824205E-01  7.725474E-05      1      0      2     14      9      7
 -9.105076E-01  8.665655E-02  8.366855E-05      1      0      2     14      9      7
 -6.634248E-01  8.615951E-02  1.660193E-03      1      0      2     14      9      7
 -7.530209E-01  2.084346E-01  6.556977E-03      1      0      2     14      9      7
 -1.269154E+00  2.422452E-01  1.935134E-04      1      0      2     14      9      7
 -8.064823E-01  1.799617E-01  1.200763E-03      1      0      2     14      9      7
 -1.254631E+00  2.114872E-01  4.969503E-05      1      0      2     14      9      7
 -1.248370E+00  3.059549E-01  5.013283E-03      1      0      2     14      9      7
 -7.691047E-01  1.975100E-02  6.524142E-04      1      0      2     14      9      7
 -1.351197E+00  2.265615E-01  1.836934E-04      1      0      2     14      9      7
 -6.218910E-01  5.396461E-02  2.839547E-04      1      0      2     14      9      7
 -9.317009E-01  1.343296E-01  1.039388E-04      1      0      2     14      9      7
 -1.079193E+00  2.114021E-01  2.652124E-03      1      0      2     14      9      7
 -8.701940E-01 -1.981684E-02  6.449278E-04      1      0      2     14      9      7
 -1.639047E+00  2.655536E-01  5.869189E-03      1      0      2     14      9      7
 -2.153329E+00  3.479645E-01  9.484129E-04      1      0      2     14      9      7
 -9.439717E-01  9.509390E-02  2.306084E-03      1      0      2     14      9      7
 -9.707457E-01  2.232847E-01  7.829233E-04      1      0      2     14      9      7
 -1.083815E+00  9.782628E-02  2.023920E-04      1      0      2     14      9      7
 -9.659435E-01  1.535615E-01  5.643282E-03      1      0      2     14      9      7
 -6.585902E-01  1.408267E-01  6.159014E-04      1      0      2     14      9      7
 -1.316992E+00  3.206942E-01  2.933018E-04      1      0      2     14      9      7
 -9.294082E-01 -4.149775E-02  2.353673E-04      1      0      2     14      9      7
 -6.800533E-01  2.117344E-01  4.282240E-03      1      0      2     14      9      7
 -1.229628E+00  2.696468E-01  6.496998E-04      1      0      2     14      9      7
 -8.681008E-01 -3.875049E-03  3.525147E-04      1      0      2     14      9      7
 -7.235533E-01  2.858982E-02  5.008030E-04      1      0      2     14      9      7
 -1.148520E+00  2.207222E-01  9.469681E-05      1      0      2     14      9      7
 -1.035433E+00  1.591144E-01  3.047723E-05      1      0      2     14      9      7
 -7.776980E-01  1.059287E-01  1.148314E-03      1      0      2     14      9      7
 -1.066403E+00  2.777012E-01  5.111789E-05      1      0      2     14      9      7
 -9.248888E-01  6.328232E-02  3.342627E-05      1      0      2     14      9      7
 -1.026051E+00  1.872565E-01  4.812332E-05      1      0      2     14      9      7
 -9.850265E-01  1.276976E-01  8.157586E-05      1      0      2     14      9      7
 -9.171687E-01  9.756735E-02  4.149586E-04      1      0      2     14      9      7
 -8.505235E-01  1.343320E-01  4.407364E-05      1      0      2     14      9      7
 -8.675560E-01  1.780231E-01  9.043261E-05      1      0      2     14      9      7
 -9.326323E-01  4.226998E-02  1.042541E-03      1      0      2     14      9      7
 -8.439906E-01 -2.835590E-02  5.571045E-05      1      0      2     14      9      7
 -6.531985E-01  1.180006E-01  1.508845E-04      1      0      2     14      9      7
 -7.696915E-01  1.412835E-01  1.011194E-03      1      0      2     14      9      7
 -5.967995E-01  1.141635E-01  1.404122E-03      1      0      2     14      9      7
 -9.302059E-01  1.693214E-01  1.206454E-03      1      0      2     14      9      7
 -9.334136E-01  2.594722E-01  4.146039E-04      1      0      2     14      9      7
 -1.220588E+00  3.127380E-01  1.461299E-03      1      0      2     14      9      7
 -5.672383E-01  3.781161E-02  2.235948E-03      1      0      2     14      9      7
 -2.080246E+00  4.339055E-01  3.267719E-05      1      0      2     14      9      7
 -5.452582E-01  9.433889E-02  3.484738E-03      1      0      2     14      9      7
 -8.229830E-01  1.316921E-01  7.993847E-04      1      0      2     14      9      7
 -9.265761E-01  2.314965E-01  1.190255E-04      1      0      2     14      9      7
 -2.028283E+00  3.838670E-01  5.974261E-03      1      0      2     14      9      7
 -6.996144E-01  2.020455E-01  1.236268E-03      1      0      2     14      9      7
 -1.321436E+00  2.629740E-01  3.284092E-04      1      0      2     14      9      7
 -7.482962E-01  1.352796E-01  5.648536E-04      1      0      2     14      9      7
 -9.819534E-01  8.929853E-02  1.120557E-04      1      0      2     14      9      7
 -1.238565E+00  2.071859E-01  3.925693E-03      1      0      2     14      9      7
 -7.068463E-01  2.479902E-04  1.460073E-03      1      0      2     14      9      7
 -4.898834E-01  4.566752E-02  2.774315E-03      1      0      2     14      9      7
 -6.883080E-01  5.027666E-02  1.488881E-03      1      0      2     14      9      7
 -9.129705E-01  1.921302E-01  2.010348E-03      1      0      2     14      9      7
 -5.921395E-01  3.051595E-01  6.075832E-03      1      0      2     14      9      7
 -6.753860E-01  1.489805E-01  5.471225E-03      1      0      2     14      9      7
 -1.031258E+00  1.612867E-01  1.352812E-03      1      0      2     14      9      7
 -1.492320E+00  3.023629E-01  1.552100E-04      1      0      2     14      9      7
 -1.236755E+00  4.168577E-01  3.197451E-04      1      0      2     14      9      7
 -5.986032E-01 -3.309634E-03  5.441017E-04      1      0      2     14      9      7
 -9.690940E-01  7.834620E-02  9.896978E-05      1      0      2     14      9      7
 -1.520878E+00  3.462566E-01  8.042881E-05      1      0      2     14      9      7
 -8.883207E-01  1.697091E-01  2.249564E-03      1      0      2     14      9      7
 -1.253873E+00  3.363594E-01  2.684215E-04      1      0      2     14      9      7
 -6.605173E-01 -6.574027E-02  4.064958E-04      1      0      2     14      9      7
 -9.851320E-01  1.716784E-01  1.732124E-03      1      0      2     14      9      7
 -6.232021E-01  1.356691E-01  3.952793E-03      1      0      2     14      9      7
 -7.596767E-01  1.251847E-01  7.137066E-05      1      0      2     14      9      7
 -9.324197E-01 -2.550660E-02  1.035404E-04      1      0      2     14      9      7
 -1.620306E+00  3.690128E-01  6.197979E-04      1      0      2     14      9      7
 -7.991883E-01  1.403834E-01  2.311206E-04      1      0      2     14      9      7
 -1.146094E+00  1.876665E-01  1.288673E-05      1      0      2     14      9      7
 -9.440810E-01  1.013484E-01  3.498397E-05      1      0      2     14      9      7
 -1.263476E+00  1.442450E-01  7.700519E-05      1      0      2     14      9      7
 -7.171317E-01  1.414019E-01  2.146374E-04      1      0      2     14      9      7
 -7.503913E-01  8.848749E-02  8.099358E-04      1      0      2     14      9      7
 -8.540363E-01  6.472744E-02  6.121801E-04      1      0      2     14      9      7
 -1.191825E+00  3.142851E-01  5.147689E-04      1      0      2     14      9      7
 -5.573368E-01  5.912882E-02  3.060638E-04      1      0      2     14      9      7
 -6.189917E-01  1.110763E-01  6.433517E-04      1      0      2     14      9      7
 -7.457431E-01  1.105122E-01  1.067495E-04      1      0      2     14      9      7
 -1.209916E+00  1.405959E-01  6.249202E-05      1      0      2     14      9      7
 -8.085014E-01  6.380178E-02  3.416309E-04      1      0      2     14      9      7
 -1.202037E+00  2.368638E-01  1.622323E-03      1      0      2     14      9      7
 -1.952294E+00  4.689512E-01  3.329011E-04      1      0      2     14      9      7
 -1.272308E+00  2.339908E-01  8.255653E-05      1      0      2     14      9      7
 -8.005744E-01  7.997285E-02  1.097879E-03      1      0      2     14      9      7
 -1.387895E+00  2.675903E-01  2.785566E-05      1      0      2     14      9      7
 -1.329950E+00  2.768257E-01  5.938362E-05      1      0      2     14      9      7
 -1.211401E+00  2.304032E-01  9.608027E-04      1      0      2     14      9      7
 -1.018033E+00  2.506580E-01  2.233847E-03      1      0      2     14      9      7
 -7.764406E-01  1.380096E-01  1.053792E-03      1      0      2     14      9      7
 -8.978252E-01  8.426528E-02  1.316430E-04      1      0      2     14      9      7
 -1.227416E+00  2.376316E-01  1.454163E-04      1      0      2     14      9      7
 -1.153017E+00  7.968774E-02  1.784529E-05      1      0      2     14      9      7
 -7.679501E-01  1.047761E-01  1.468829E-03      1      0      2     14      9      7
 -8.760641E-01  1.269241E-01  3.901570E-03      1      0      2     14      9      7
 -1.133934E+00  2.871646E-01  6.716775E-04      1      0      2     14      9      7
 -7.074385E-01  7.338194E-02  1.420233E-03      1      0      2     14      9      7
 -7.277508E-01  1.217472E-01  3.763224E-03      1      0      2     14      9      7
 -1.085989E+00  2.069293E-01  1.960088E-03      1      0      2     14      9      7
 -7.627599E-01  1.798481E-01  8.269225E-04      1      0      2     14      9      7
 -9.849691E-01  1.689246E-01  1.340553E-04      1      0      2     14      9      7
 -1.002183E+00 -4.516822E-02  6.258395E-05      1      0      2     14      9      7
 -6.472875E-01  6.486346E-02  5.345576E-03      1      0      2     14      9      7
 -5.592208E-01  1.594479E-02  6.567922E-03      1      0      2     14      9      7
 -1.062999E+00  1.468839E-01  2.421270E-04      1      0      2     14      9      7
 -1.408181E+00  2.498020E-01  5.896332E-04      1      0      2     14      9      7
 -6.855279E-01  2.024855E-02  3.143733E-04      1      0      2     14      9      7
 -1.503209E+00  2.479470E-01  9.384310E-04      1      0      2     14      9      7
 -9.281099E-01  1.686419E-01  4.194942E-03      1      0      2     14      9      7
 -5.572488E-01  1.076929E-01  6.509694E-03      1      0      2     14      9      7
 -1.197279E+00  1.988812E-01  5.708953E-04      1      0      2     14      9      7
 -7.412090E-01  2.801981E-02  2.875403E-04      1      0      2     14      9      7
 -6.189917E-01  1.110763E-01  6.433517E-04      1      0      2     14      9      7
 -1.090088E+00  6.287965E-02  2.138405E-04      1      0      2     14      9      7
 -9.332516E-01  9.923563E-02  2.198866E-03      1      0      2     14      9      7
 -7.742229E-01  1.383787E-01  1.250935E-04      1      0      2     14      9      7
 -9.619792E-01  2.033361E-01  2.594202E-04      1      0      2     14      9      7
 -6.521809E-01  1.883848E-01  1.879533E-03      1      0      2     14      9      7
 -8.485615E-01  2.190680E-01  6.517575E-03      1      0      2     14      9      7
 -7.062088E-01  5.374104E-02  1.398825E-03      1      0      2     14      9      7
 -7.848054E-01  8.891342E-02  1.973091E-04      1      0      2     14      9      7
 -9.424830E-01  7.996527E-02  1.040439E-03      1      0      2     14      9      7
 -6.463631E-01  8.064872E-02  1.119375E-03      1      0      2     14      9      7
 -1.107577E+00  2.785722E-01  7.824855E-04      1      0      2     14      9      7
 -8.833328E-01 -1.339098E-02  2.252804E-04      1      0      2     14      9      7
 -1.365510E+00  2.694558E-01  2.442022E-04      1      0      2     14      9      7
 -8.268211E-01  2.377242E-02  1.077696E-03      1      0      2     14      9      7
 -8.781114E-01  1.548645E-01  8.128690E-04      1      0      2     14      9      7
 -8.243373E-01  1.252679E-02  1.710409E-04      1      0      2     14      9      7
 -7.694733E-01  1.349960E-01  9.487193E-05      1      0      2     14      9      7
 -1.147727E+00  1.930647E-01  5.445395E-04      1      0      2     14      9      7
 -9.988830E-01  1.565851E-01  2.236867E-04      1      0      2     14      9      7
 -1.776245E+00  3.868642E-01  1.546671E-04      1      0      2     14      9      7
 -5.425084E-01  1.327881E-01  5.677431E-03      1      0      2     14      9      7
 -1.219535E+00  2.754985E-01  3.047766E-03      1      0      2     14      9      7
 -1.108364E+00  1.811708E-01  6.430890E-03      1      0      2     14      9      7
 -9.688989E-01  1.657604E-01  1.061410E-03      1      0      2     14      9      7
 -1.268833E+00  2.086688E-01  1.421985E-03      1      0      2     14      9      7
 -1.249234E+00  1.549442E-01  1.462700E-05      1      0      2     14      9      7
 -9.933042E-01  1.026090E-01  3.728288E-04      1      0      2     14      9      7
 -7.542171E-01  2.396741E-01  1.934083E-03      1      0      2     14      9      7
 -1.667807E+00  2.892300E-01  3.986197E-04      1      0      2     14      9      7
 -9.765428E-01  1.263987E-01  9.104116E-05      1      0      2     14      9      7
 -6.675171E-01  9.529351E-02  9.678076E-04      1      0      2     14      9      7
 -1.271673E+00  3.571576E-01  1.614049E-03      1      0      2     14      9      7
 -1.146414E+00  1.992277E-01  1.459329E-04      1      0      2     14      9      7
 -8.360792E-01  1.195767E-01  1.142053E-04      1      0      2     14      9      7
 -1.463660E+00  3.271360E-01  4.081770E-04      1      0      2     14      9      7
 -8.230172E-01  1.302932E-01  3.975121E-03      1      0      2     14      9      7
 -8.462157E-01  1.479127E-01  2.766916E-03      1      0      2     14      9      7
 -1.311912E+00  1.977100E-01  2.921592E-05      1      0      2     14      9      7
 -1.213080E+00  1.691449E-01  4.436259E-06      1      0      2     14      9      7
 -1.105394E+00  1.063771E-01  3.655393E-05      1      0      2     14      9      7
 -7.220091E-01  7.233971E-02  4.800511E-04      1      0      2     14      9      7
 -1.448724E+00  2.499001E-01  3.794658E-04      1      0      2     14      9      7
 -1.433764E+00  2.638769E-01  9.508646E-04      1      0      2     14      9      7
 -8.802225E-01  2.240670E-01  1.405217E-03      1      0      2     14      9      7
 -7.351633E-01  5.888786E-02  7.127872E-04      1      0      2     14      9      7
 -9.642595E-01  8.029223E-02  6.812654E-05      1      0      2     14      9      7
 -8.870796E-01  9.692482E-02  3.381460E-04      1      0      2     14      9      7
 -5.735737E-01  6.970874E-02  4.094116E-03      1      0      2     14      9      7
 -9.267521E-01  1.688283E-01  5.948869E-04      1      0      2     14      9      7
 -8.142819E-01  4.127370E-02  4.949364E-04      1      0      2     14      9      7
 -1.460649E+00  3.208929E-01  2.183981E-05      1      0      2     14      9      7
 -9.820093E-01  1.446900E-01  2.482300E-04      1      0      2     14      9      7
 -1.409939E+00  2.805672E-01  7.807781E-04      1      0      2     14      9      7
 -1.018648E+00  1.952773E-01  1.683703E-04      1      0      2     14      9      7
 -9.482124E-01  9.887045E-02  3.277569E-04      1      0      2     14      9      7
 -1.527068E+00  2.574615E-01  8.642671E-04      1      0      2     14      9      7
 -7.926022E-01  1.456788E-01  6.731661E-04      1      0      2     14      9      7
 -1.499562E+00  2.945165E-01  5.464658E-03      1      0      2     14      9      7
 -5.087736E-01  1.104059E-01  2.910209E-04      1      0      2     14      9      7
 -7.148560E-01  2.198182E-01  4.008438E-04      1      0      2     14      9      7
 -9.120122E-01  1.167741E-01  2.168789E-04      1      0      2     14      9      7
 -7.053953E-01  1.002125E-01  1.149189E-03      1      0      2     14      9      7
 -7.718336E-01  9.193863E-03  2.200136E-04      1      0      2     14      9      7
 -6.448042E-01  2.016587E-01  3.283348E-04      1      0      2     14      9      7
 -6.796188E-01  4.435364E-02  1.944021E-03      1      0      2     14      9      7
 -7.261919E-01  8.014951E-02  2.302888E-03      1      0      2     14      9      7
 -8.295728E-01 -4.413039E-02  3.361846E-04      1      0      2     14      9      7
 -1.186994E+00  2.245503E-01  8.722351E-04      1      0      2     14      9      7
 -7.428133E-01  4.503667E-02  2.459447E-03      1      0      2     14      9      7
 -1.087525E+00 -6.063871E-03  4.638962E-05      1      0      2     14      9      7
 -9.413529E-01  2.014002E-01  1.747710E-03      1      0      2     14      9      7
 -1.468469E+00  2.217538E-01  1.103001E-04      1      0      2     14      9      7
 -1.520573E+00  2.164079E-01  2.380729E-05      1      0      2     14      9      7
 -1.199485E+00  2.941252E-01  9.155339E-04      1      0      2     14      9      7
 -1.520938E+00  3.066916E-01  6.567047E-03      1      0      2     14      9      7
 -6.726478E-01  8.616887E-02  5.634964E-04      1      0      2     14      9      7
 -5.441527E-01  5.394962E-02  1.955448E-04      1      0      2     14      9      7
 -1.248712E+00  2.381548E-01  6.634031E-04      1      0      2     14      9      7
 -7.130775E-01  1.693150E-01  1.349616E-03      1      0      2     14      9      7
 -9.955628E-01  1.877982E-01  1.396942E-03      1      0      2     14      9      7
 -7.726386E-01  2.900930E-02  4.346509E-04      1      0      2     14      9      7
 -1.006084E+00  1.930103E-01  3.436448E-04      1      0      2     14      9      7
 -1.779637E+00  3.059117E-01  1.142535E-03      1      0      2     14      9      7
 -8.014486E-01  2.202134E-01  5.338571E-03      1      0      2     14      9      7
 -1.418038E+00  2.481712E-01  9.575192E-04      1      0      2     14      9      7
 -9.287569E-01  1.510554E-01  7.141007E-04      1      0      2     14      9      7
 -7.084586E-01  8.470818E-02  6.428701E-03      1      0      2     14      9      7
 -7.251127E-01 -9.330053E-03  1.258202E-03      1      0      2     14      9      7
 -1.009007E+00  1.623969E-01  4.383285E-03      1      0      2     14      9      7
 -1.194970E+00  2.132284E-01  5.817528E-05      1      0      2     14      9      7
 -7.162976E-01  8.741595E-02  1.839605E-04      1      0      2     14      9      7
 -7.545637E-01  9.354756E-02  6.556977E-03      1      0      2     14      9      7
 -8.674199E-01  8.869887E-02  3.337986E-04      1      0      2     14      9      7
 -7.930575E-01  7.701378E-02  2.327449E-03      1      0      2     14      9      7
 -6.354962E-01  2.034433E-01  3.127972E-03      1      0      2     14      9      7
 -7.143315E-01  9.406026E-03  2.200880E-04      1      0      2     14      9      7
 -8.651921E-01  2.341495E-02  1.014959E-04      1      0      2     14      9      7
 -9.973417E-01  8.857743E-02  2.254861E-04      1      0      2     14      9      7
 -6.584657E-01  9.730718E-02  3.355411E-03      1      0      2     14      9      7
 -6.283036E-01  3.910694E-02  1.299093E-03      1      0      2     14      9      7
 -8.944019E-01 -1.380281E-03  6.482988E-04      1      0      2     14      9      7
 -7.246746E-01  9.353855E-02  6.504879E-04      1      0      2     14      9      7
 -7.203341E-01  9.215972E-02  6.648040E-04      1      0      2     14      9      7
 -7.944759E-01  3.842002E-02  1.993274E-03      1      0      2     14      9      7
 -1.049361E+00  9.666708E-02  2.163317E-05      1      0      2     14      9      7
 -8.102413E-01  8.570078E-02  1.023890E-04      1      0      2     14      9      7
 -9.885083E-01  1.836740E-01  8.683825E-04      1      0      2     14      9      7
 -1.829993E+00  2.904630E-01  3.030429E-05      1      0      2     14      9      7
 -1.323005E+00  3.249226E-01  2.728039E-03      1      0      2     14      9      7
 -6.976894E-01  3.777742E-02  3.813353E-04      1      0      2     14      9      7
 -8.813076E-01  1.506863E-01  6.245261E-04      1      0      2     14      9      7
 -7.024981E-01  1.401707E-01  1.060272E-03      1      0      2     14      9      7
 -1.060619E+00  1.229452E-01  3.389603E-04      1      0      2     14      9      7
 -9.629765E-01  3.116804E-02  1.320020E-05      1      0      2     14      9      7
 -5.879137E-01  1.149752E-01  3.618005E-04      1      0      2     14      9      7
 -1.137288E+00  1.810281E-01  3.278270E-04      1      0      2     14      9      7
 -6.763503E-01  1.063785E-01  1.330790E-03      1      0      2     14      9      7
 -1.201894E+00  1.850439E-01  2.570605E-03      1      0      2     14      9      7
 -8.897649E-01  5.528195E-02  9.407951E-05      1      0      2     14      9      7
 -4.745347E-01  6.006505E-02  2.041782E-03      1      0      2     14      9      7
 -2.012987E+00  3.377013E-01  4.947613E-05      1      0      2     14      9      7
 -9.944393E-01  8.681793E-02  1.671357E-05      1      0      2     14      9      7
 -7.772842E-01  1.307721E-01  4.648593E-04      1      0      2     14      9      7
 -1.041479E+00  2.362102E-01  2.801152E-05      1      0      2     14      9      7
 -8.306056E-01 -4.172048E-02  1.171298E-04      1      0      2     14      9      7
 -8.311537E-01  9.020158E-03  6.070578E-04      1      0      2     14      9      7
 -7.806466E-01  1.658823E-01  1.886450E-04      1      0      2     14      9      7
 -1.221084E+00  1.272842E-01  2.203638E-04      1      0      2     14      9      7
 -8.199906E-01  8.285826E-02  1.263193E-04      1      0      2     14      9      7
 -1.222084E+00  3.290142E-01  8.701337E-04      1      0      2     14      9      7
 -1.143172E+00  3.118943E-01  2.370003E-04      1      0      2     14      9      7
 -9.875754E-01  1.742066E-01  2.329200E-03      1      0      2     14      9      7
 -1.279130E+00  2.359386E-01  1.453638E-04      1      0      2     14      9      7
 -7.345555E-01  2.187876E-02  4.621450E-04      1      0      2     14      9      7
 -1.220159E+00  2.321554E-01  1.505692E-04      1      0      2     14      9      7
 -7.383759E-01  8.148974E-02  1.833607E-04      1      0      2     14      9      7
 -1.777541E+00  3.209548E-01  2.300830E-04      1      0      2     14      9      7
 -1.240399E+00  2.152739E-01  3.134933E-04      1      0      2     14      9      7
 -6.775273E-01  1.057832E-01  5.831537E-03      1      0      2     14      9      7
 -6.094505E-01  1.838104E-01  9.320828E-04      1      0      2     14      9      7
 -9.595343E-01  1.947779E-01  2.221895E-04      1      0      2     14      9      7
 -7.566996E-01  2.076895E-01  1.131108E-03      1      0      2     14      9      7
 -9.440098E-01  2.289592E-01  6.550848E-05      1      0      2     14      9      7
 -1.434388E+00  2.487087E-01  1.092494E-03      1      0      2     14      9      7
 -1.005826E+00  1.334905E-01  1.288717E-03      1      0      2     14      9      7
 -1.057813E+00  2.178564E-01  5.133679E-04      1      0      2     14      9      7
 -1.925780E+00  2.953326E-01  1.004671E-04      1      0      2     14      9      7
 -1.095592E+00  1.497481E-01  3.488503E-04      1      0      2     14      9      7
 -9.913557E-01  3.439036E-02  1.367784E-04      1      0      2     14      9      7
 -1.206215E+00  2.639749E-01  6.616956E-04      1      0      2     14      9      7
 -7.539165E-01  1.246259E-01  5.340322E-04      1      0      2     14      9      7
 -6.982338E-01 -7.658991E-02  9.913614E-04      1      0      2     14      9      7
 -1.409617E+00  2.812261E-01  3.702194E-04      1      0      2     14      9      7
 -8.646894E-01  1.088863E-01  4.607002E-04      1      0      2     14      9      7
 -8.556630E-01  8.463887E-02  3.621332E-05      1      0      2     14      9      7
 -1.171441E+00  2.365027E-01  4.608753E-05      1      0      2     14      9      7
 -8.862837E-01 -1.262582E-03  5.374471E-04      1      0      2     14      9      7
 -1.118636E+00  2.299332E-01  5.102157E-03      1      0      2     14      9      7
 -1.147301E+00  3.292370E-01  1.407537E-03      1      0      2     14      9      7
 -6.337243E-01  1.160547E-01  6.455845E-03      1      0      2     14      9      7
 -1.461505E+00  2.386947E-01  1.106547E-03      1      0      2     14      9      7
 -7.850920E-01  1.108765E-01  3.116370E-04      1      0      2     14      9      7
 -6.408207E-01  6.979969E-03  1.105234E-03      1      0      2     14      9      7
 -8.733307E-01  7.662394E-02  5.817090E-04      1      0      2     14      9      7
 -8.158688E-01  6.346267E-02  1.116267E-03      1      0      2     14      9      7
 -3.977529E+00  3.001465E-01  4.226420E-04      1      0      2     14      9      7
 -9.199523E-01  9.578498E-02  1.391032E-04      1      0      2     14      9      7
 -8.224500E-01  1.133424E-01  2.629752E-04      1      0      2     14      9      7
 -7.346200E-01  7.523488E-02  1.495098E-03      1      0      2     14      9      7
 -4.041845E+00  3.116310E-01  1.037987E-03      1      0      2     14      9      7
 -1.044395E+00  1.755486E-01  5.366153E-05      1      0      2     14      9      7
 -5.045105E-01  1.226672E-01  3.433909E-04      1      0      2     14      9      7
 -1.300420E+00  2.267215E-01  6.130557E-04      1      0      2     14      9      7
 -9.621356E-01  7.931330E-02  1.127037E-04      1      0      2     14      9      7
 -1.790155E+00  2.847495E-01  1.580207E-03      1      0      2     14      9      7
 -1.965744E+00  4.082741E-01  2.004394E-03      1      0      2     14      9      7
 -6.359711E-01 -1.813751E-03  8.564304E-04      1      0      2     14      9      7
 -6.045786E-01  1.963549E-02  6.930861E-04      1      0      2     14      9      7
 -8.901299E-01  1.573433E-01  2.115946E-03      1      0      2     14      9      7
 -2.148975E+00  3.841024E-01  2.289535E-04      1      0      2     14      9      7
 -1.222916E+00  2.290223E-01  8.767445E-05      1      0      2     14      9      7
 -6.575264E-01  6.616773E-02  3.178363E-04      1      0      2     14      9      7
 -1.438203E+00  3.303137E-01  1.951288E-03      1      0      2     14      9      7
 -9.319406E-01  4.647685E-02  5.501871E-05      1      0      2     14      9      7
 -8.081366E-01  6.032937E-02  1.472288E-03      1      0      2     14      9      7
 -8.283364E-01 -1.665434E-02  1.175064E-04      1      0      2     14      9      7
 -6.899513E-01  1.501970E-01  1.298962E-03      1      0      2     14      9      7
 -1.488043E+00  3.636755E-01  3.710819E-05      1      0      2     14      9      7
 -7.077326E-01  1.295026E-01  1.067189E-03      1      0      2     14      9      7
 -1.078732E+00  1.492490E-01  4.398170E-04      1      0      2     14      9      7
 -1.129689E+00  3.923766E-02  1.300363E-05      1      0      2     14      9      7
 -9.588716E-01  7.441574E-02  2.744500E-05      1      0      2     14      9      7
 -1.273829E+00  1.972044E-01  3.432858E-05      1      0      2     14      9      7
 -1.749933E+00  3.392551E-01  1.751037E-04      1      0      2     14      9      7
 -5.552615E-01  1.253563E-01  2.621959E-03      1      0      2     14      9      7
 -7.356971E-01 -1.414332E-02  2.157538E-03      1      0      2     14      9      7
 -1.069701E+00  3.148264E-01  5.218175E-03      1      0      2     14      9      7
 -6.855682E-01  1.178212E-01  2.442328E-03      1      0      2     14      9      7
 -1.529207E+00  2.490734E-01  5.271149E-05      1      0      2     14      9      7
 -1.052788E+00  1.585212E-01  3.535479E-04      1      0      2     14      9      7
 -9.022331E-01  9.312471E-02  4.272564E-04      1      0      2     14      9      7
 -8.804005E-01  8.665724E-02  2.519645E-04      1      0      2     14      9      7
 -1.736982E+00  3.504191E-01  3.936113E-03      1      0      2     14      9      7
 -5.036388E-01  7.745015E-03  2.221632E-03      1      0      2     14      9      7
 -6.070213E-01 -4.417874E-02  5.911218E-04      1      0      2     14      9      7
 -7.005272E-01  1.125499E-01  4.909962E-04      1      0      2     14      9      7
 -1.278579E+00  2.469047E-01  1.678143E-03      1      0      2     14      9      7
 -1.172010E+00  2.041273E-01  2.204864E-04      1      0      2     14      9      7
 -7.504210E-01 -4.910053E-02  1.668818E-04      1      0      2     14      9      7
 -1.281423E+00  1.358270E-01  1.554289E-05      1      0      2     14      9      7
 -7.154230E-01  1.638957E-01  5.838104E-03      1      0      2     14      9      7
 -1.277356E+00  2.125607E-01  2.384670E-05      1      0      2     14      9      7
 -9.125838E-01  1.010018E-01  7.998225E-04      1      0      2     14      9      7
 -8.086918E-01  2.710169E-02  8.925492E-04      1      0      2     14      9      7
 -8.405749E-01 -4.638646E-03  4.093197E-04      1      0      2     14      9      7
 -7.333747E-01  3.519660E-02  1.415549E-04      1      0      2     14      9      7
 -2.237643E+00  3.645841E-01  1.613261E-04      1      0      2     14      9      7
 -8.865090E-01  3.500242E-02  3.258919E-04      1      0      2     14      9      7
 -6.984941E-01  1.094329E-01  1.919154E-04      1      0      2     14      9      7
 -1.071248E+00  2.064731E-01  2.310331E-04      1      0      2     14      9      7
 -1.252234E+00  2.528748E-01  1.170904E-04      1      0      2     14      9      7
 -5.670329E-01  1.007971E-01  1.263894E-03      1      0      2     14      9      7
 -1.273970E+00  2.345649E-01  1.845252E-04      1      0      2     14      9      7
 -5.329024E-01  4.465964E-02  2.510057E-03      1      0      2     14      9      7
 -7.191153E-01  1.528781E-01  1.341604E-03      1      0      2     14      9      7
 -1.010418E+00  6.874878E-02  4.602624E-05      1      0      2     14      9      7
 -4.807126E-01  5.131740E-02  1.394578E-03      1      0      2     14      9      7
 -3.977458E+00  3.485963E-01  1.027699E-04      1      0      2     14      9      7
 -7.494574E-01  6.939420E-02  4.994458E-04      1      0      2     14      9      7
 -1.123634E+00  1.934224E-01  1.341560E-04      1      0      2     14      9      7
 -6.205693E-01  1.631853E-01  4.984826E-04      1      0      2     14      9      7
 -1.113056E+00  1.390929E-01  6.071891E-05      1      0      2     14      9      7
 -9.977907E-01  4.262889E-02  3.704646E-05      1      0      2     14      9      7
 -1.124724E+00  1.236203E-01  1.575960E-03      1      0      2     14      9      7
 -1.273886E+00  1.835471E-01  8.445660E-05      1      0      2     14      9      7
 -8.878529E-01  1.416065E-01  3.987949E-04      1      0      2     14      9      7
 -1.179749E+00  1.820602E-01  4.307107E-04      1      0      2     14      9      7
 -9.145061E-01  1.305351E-01  1.831724E-04      1      0      2     14      9      7
 -7.930999E-01  1.586663E-01  6.258833E-04      1      0      2     14      9      7
 -1.930946E+00  3.521343E-01  8.169406E-04      1      0      2     14      9      7
 -1.004224E+00  1.414082E-01  1.753752E-03      1      0      2     14      9      7
 -1.533182E+00  3.165367E-01  1.456046E-04      1      0      2     14      9      7
 -7.488044E-01  8.875863E-02  7.674689E-04      1      0      2     14      9      7
 -1.101808E+00  1.235085E-01  5.635401E-05      1      0      2     14      9      7
 -6.653884E-01 -1.358354E-02  1.048363E-04      1      0      2     14      9      7
 -9.029952E-01  1.610851E-01  3.215445E-05      1      0      2     14      9      7
 -1.803428E+00  3.105843E-01  1.445976E-03      1      0      2     14      9      7
 -9.524510E-01  2.144478E-01  8.872518E-04      1      0      2     14      9      7
 -1.328521E+00  2.656950E-01  8.432963E-05      1      0      2     14      9      7
 -9.499277E-01  6.347417E-02  1.280311E-04      1      0      2     14      9      7
 -1.158723E+00  2.922417E-01  5.018099E-03      1      0      2     14      9      7
 -9.815822E-01  1.102376E-01  7.053446E-04      1      0      2     14      9      7
 -1.101498E+00  1.189783E-01  5.970321E-04      1      0      2     14      9      7
 -9.802516E-01  1.802823E-01  3.096494E-05      1      0      2     14      9      7
 -1.457736E+00  2.511407E-01  5.042178E-05      1      0      2     14      9      7
 -6.562964E-01  9.393015E-02  1.830323E-03      1      0      2     14      9      7
 -1.015962E+00  2.363131E-01  2.350696E-04      1      0      2     14      9      7
 -7.137180E-01  2.164744E-02  1.870820E-04      1      0      2     14      9      7
 -1.066489E+00  1.407499E-01  1.383151E-05      1      0      2     14      9      7
 -1.101154E+00  1.940357E-01  1.078178E-03      1      0      2     14      9      7
 -1.115209E+00  2.160738E-01  1.958731E-03      1      0      2     14      9      7
 -6.831985E-01  7.123084E-02  6.466352E-04      1      0      2     14      9      7
 -1.232698E+00  2.226940E-01  2.472581E-04      1      0      2     14      9      7
 -1.041078E+00 -1.064335E-02  2.013325E-05      1      0      2     14      9      7
 -1.202430E+00  2.524636E-01  5.145062E-03      1      0      2     14      9      7
 -9.871484E-01  8.534844E-02  2.573144E-05      1      0      2     14      9      7
 -1.063573E+00  1.248375E-01  5.596437E-05      1      0      2     14      9      7
 -8.698222E-01  1.385033E-01  2.049925E-04      1      0      2     14      9      7
 -7.813148E-01  3.870393E-02  1.131327E-04      1      0      2     14      9      7
 -2.122499E+00  4.600785E-01  2.040294E-04      1      0      2     14      9      7
 -1.296422E+00  1.513436E-01  1.585285E-05      1      0      2     14      9      7
 -9.855476E-01  1.836551E-01  2.775759E-03      1      0      2     14      9      7
 -5.429668E-01  9.488653E-02  1.596756E-03      1      0      2     14      9      7
 -9.269747E-01  6.528586E-02  3.868822E-04      1      0      2     14      9      7
 -1.190397E+00  3.516444E-01  3.236897E-04      1      0      2     14      9      7
 -1.043714E+00  1.251273E-01  2.305208E-05      1      0      2     14      9      7
 -8.037932E-01 -6.441491E-02  1.286397E-04      1      0      2     14      9      7
 -5.928099E-01  7.771863E-02  5.914282E-03      1      0      2     14      9      7
 -7.856072E-01  2.042355E-01  1.032077E-03      1      0      2     14      9      7
 -8.947311E-01  2.031272E-01  1.296817E-03      1      0      2     14      9      7
 -8.321306E-01  1.389851E-01  1.716276E-03      1      0      2     14      9      7
 -6.507525E-01  1.390052E-01  3.604871E-03      1      0      2     14      9      7
 -8.042478E-01  1.522878E-01  3.840102E-04      1      0      2     14      9      7
 -8.636215E-01  1.595161E-01  6.073205E-04      1      0      2     14      9      7
 -8.844916E-01 -9.776824E-02  6.484740E-04      1      0      2     14      9      7
 -1.109152E+00  2.042909E-01  1.684623E-03      1      0      2     14      9      7
 -1.888327E+00  3.346429E-01  3.645805E-04      1      0      2     14      9      7
 -1.150522E+00  2.368743E-01  1.041271E-03      1      0      2     14      9      7
 -8.991048E-01  9.338869E-02  2.484007E-04      1      0      2     14      9      7
 -7.760149E-01  1.367503E-01  2.320356E-04      1      0      2     14      9      7
 -1.097840E+00  2.090628E-01  1.367960E-05      1      0      2     14      9      7
 -9.910606E-01  2.694671E-01  5.150316E-03      1      0      2     14      9      7
 -1.072138E+00  2.503885E-01  2.015470E-03      1      0      2     14      9      7
 -1.567984E+00  2.788234E-01  2.463825E-03      1      0      2     14      9      7
 -1.072911E+00  1.169197E-01  3.672818E-04      1      0      2     14      9      7
 -8.119152E-01  1.712616E-01  2.715342E-03      1      0      2     14      9      7
 -1.253277E+00  1.973599E-01  6.673433E-04      1      0      2     14      9      7
 -5.892150E-01  6.291680E-02  2.414659E-03      1      0      2     14      9      7
 -6.809777E-01  9.974504E-02  1.285653E-03      1      0      2     14      9      7
 -6.061341E-01  1.138867E-01  1.549867E-03      1      0      2     14      9      7
 -8.787053E-01  1.467569E-01  2.955565E-04      1      0      2     14      9      7
 -7.324613E-01  8.711777E-02  1.599470E-04      1      0      2     14      9      7
 -7.134779E-01 -4.451772E-03  1.895731E-03      1      0      2     14      9      7
 -8.999220E-01  1.982588E-01  5.196723E-04      1      0      2     14      9      7
 -5.843721E-01  6.991005E-02  2.290805E-04      1      0      2     14      9      7
 -8.649858E-01  8.844657E-02  8.153207E-04      1      0      2     14      9      7
 -1.257243E+00  2.813115E-01  1.934871E-03      1      0      2     14      9      7
 -1.173313E+00  2.314193E-01  1.384859E-03      1      0      2     14      9      7
 -5.592208E-01  1.594479E-02  6.567922E-03      1      0      2     14      9      7
 -6.636709E-01  1.528725E-01  6.562231E-03      1      0      2     14      9      7
 -9.066859E-01  5.767884E-02  1.864910E-04      1      0      2     14      9      7
 -6.847855E-01  9.221690E-02  7.484682E-04      1      0      2     14      9      7
 -5.269924E-01  1.796711E-01  5.567104E-03      1      0      2     14      9      7
 -8.754517E-01  1.463217E-01  1.004495E-04      1      0      2     14      9      7
 -9.452130E-01  1.888735E-01  2.462599E-03      1      0      2     14      9      7
 -7.036289E-01  1.387205E-01  8.155396E-04      1      0      2     14      9      7
 -1.671034E+00  3.325738E-01  2.712453E-04      1      0      2     14      9      7
 -1.900724E+00  3.128622E-01  3.757533E-05      1      0      2     14      9      7
 -5.777855E-01  1.232542E-01  1.822005E-04      1      0      2     14      9      7
 -6.652092E-01 -9.767009E-03  1.471807E-03      1      0      2     14      9      7
 -1.001478E+00  6.106519E-02  4.080413E-05      1      0      2     14      9      7
 -8.389557E-01  7.803147E-02  5.958938E-05      1      0      2     14      9      7
 -8.002970E-01  1.815183E-01  2.236211E-03      1      0      2     14      9      7
 -9.699954E-01  1.409028E-01  1.009180E-04      1      0      2     14      9      7
 -1.149048E+00  1.899556E-01  1.413579E-03      1      0      2     14      9      7
 -1.004595E+00  2.792283E-01  2.459009E-03      1      0      2     14      9      7
 -8.975534E-01  1.938089E-01  1.874016E-03      1      0      2     14      9      7
 -1.098318E+00  9.872066E-02  1.062592E-05      1      0      2     14      9      7
 -5.435397E-01  7.637986E-02  2.339094E-04      1      0      2     14      9      7
 -6.154890E-01  1.472295E-01  6.399806E-03      1      0      2     14      9      7
 -8.755516E-01  1.960986E-01  1.279261E-03      1      0      2     14      9      7
 -7.718808E-01  7.166817E-02  8.073527E-04      1      0      2     14      9      7
 -1.097350E+00  2.177292E-01  1.557353E-03      1      0      2     14      9      7
 -1.026120E+00  2.187737E-01  9.188612E-04      1      0      2     14      9      7
 -1.422483E+00  3.797952E-01  1.925108E-04      1      0      2     14      9      7
 -1.083956E+00  1.490750E-01  2.010348E-04      1      0      2     14      9      7
 -6.600326E-01  3.767215E-02  5.736972E-04      1      0      2     14      9      7
 -8.692288E-01 -1.481402E-02  3.033713E-04      1      0      2     14      9      7
 -1.080848E+00  1.830046E-01  4.032473E-04      1      0      2     14      9      7
 -1.241745E+00  1.871192E-01  9.209188E-05      1      0      2     14      9      7
 -6.135458E-01  4.982883E-02  6.185720E-04      1      0      2     14      9      7
 -1.688377E+00  4.258628E-01  6.109542E-03      1      0      2     14      9      7
 -6.855937E-01  8.640662E-02  4.642464E-04      1      0      2     14      9      7
 -1.297077E+00  3.034701E-01  1.512347E-03      1      0      2     14      9      7
 -1.144503E+00  3.138107E-01  5.847298E-04      1      0      2     14      9      7
 -1.372207E+00  2.567247E-01  1.368573E-04      1      0      2     14      9      7
 -6.268820E-01  2.265642E-02  2.729002E-03      1      0      2     14      9      7
 -8.923622E-01  7.750445E-02  6.462412E-04      1      0      2     14      9      7
 -1.169329E+00  1.979930E-01  1.347514E-04      1      0      2     14      9      7
 -1.068966E+00  1.585388E-01  3.202705E-05      1      0      2     14      9      7
 -8.534559E-01  1.872484E-01  2.716393E-03      1      0      2     14      9      7
 -1.217463E+00  2.022159E-01  3.310361E-04      1      0      2     14      9      7
 -7.910780E-01  1.272933E-01  1.418876E-03      1      0      2     14      9      7
 -1.602836E+00  3.422878E-01  8.428586E-04      1      0      2     14      9      7
 -1.597771E+00  3.227466E-01  5.527702E-04      1      0      2     14      9      7
 -6.600079E-01  1.371334E-01  2.685528E-04      1      0      2     14      9      7
 -1.377228E+00  2.602720E-01  6.200605E-04      1      0      2     14      9      7
 -7.433363E-01  6.961021E-02  8.464485E-04      1      0      2     14      9      7
 -5.995184E-01  1.498100E-01  5.535583E-04      1      0      2     14      9      7
 -9.385805E-01  2.530792E-01  2.515967E-03      1      0      2     14      9      7
 -9.728798E-01  1.516339E-01  2.631153E-05      1      0      2     14      9      7
 -1.952886E+00  4.389718E-01  1.076645E-04      1      0      2     14      9      7
 -1.349379E+00  2.226900E-01  3.500936E-05      1      0      2     14      9      7
 -5.709861E-01  1.165323E-01  3.760948E-04      1      0      2     14      9      7
 -7.906808E-01  7.324693E-02  7.680380E-04      1      0      2     14      9      7
 -8.513402E-01  2.230857E-01  2.376527E-04      1      0      2     14      9      7
 -8.098047E-01 -2.398833E-02  9.512148E-05      1      0      2     14      9      7
 -9.796568E-01  1.914424E-01  3.216802E-05      1      0      2     14      9      7
 -8.753969E-01  1.577163E-01  2.486809E-04      1      0      2     14      9      7
 -1.739018E+00  3.180495E-01  2.652124E-03      1      0      2     14      9      7
 -1.064828E+00  2.273280E-01  3.348581E-05      1      0      2     14      9      7
 -5.699933E-01 -7.004933E-03  6.225998E-04      1      0      2     14      9      7
 -1.330118E+00  3.103800E-01  2.749579E-03      1      0      2     14      9      7
 -9.710921E-01  1.035830E-01  7.436086E-04      1      0      2     14      9      7
 -5.572378E-01  9.064626E-02  1.018899E-03      1      0      2     14      9      7
 -9.902835E-01  7.585150E-02  2.038455E-04      1      0      2     14      9      7
 -7.145237E-01  1.130072E-01  6.412940E-04      1      0      2     14      9      7
 -9.410696E-01  2.213362E-01  9.052017E-04      1      0      2     14      9      7
 -8.217955E-01  1.532330E-01  1.156457E-03      1      0      2     14      9      7
 -8.255461E-01 -5.044631E-02  1.144680E-04      1      0      2     14      9      7
 -1.305356E+00  2.114109E-01  2.612240E-04      1      0      2     14      9      7
 -7.160441E-01  1.515290E-01  6.546908E-03      1      0      2     14      9      7
 -8.579375E-01 -7.758007E-02  9.958707E-05      1      0      2     14      9      7
 -1.405263E+00  2.846018E-01  1.045167E-04      1      0      2     14      9      7
 -1.200597E+00  2.637803E-01  3.741684E-04      1      0      2     14      9      7
 -1.257027E+00 -6.042436E-03  1.070648E-05      1      1      2     14      7      1
 -1.914467E+00  4.410817E-01  1.780852E-05      1      1      2     14      7      1
 -4.001723E+00  3.286408E-01  4.055677E-06      1      1      2     14      7      1
 -1.227911E+00  2.767580E-01  1.045211E-04      1      1      2     14      7      1
 -1.243585E+00  6.734601E-02  1.780852E-05      1      1      2     14      7      1
 -1.875659E+00  2.514469E-01  4.544834E-07      1      1      2     14      7      1
 -1.366007E+00  2.550509E-01  1.311264E-05      1      1      2     14      7      1
 -1.379676E+00  2.249073E-01  2.834994E-05      1      1      2     14      7      1
 -2.272085E+00  4.455390E-01  3.779905E-05      1      1      2     14      7      1
 -1.890026E+00  2.818871E-01  3.911070E-06      1      1      2     14      7      1
 -1.710056E+00  1.856978E-01  5.949744E-07      1      1      2     14      7      1
 -1.977305E+00  3.601595E-01  2.484576E-08      1      1      2     14      7      1
 -1.603990E+00  3.529984E-01  1.514886E-05      1      1      2     14      7      1
 -1.703967E+00  2.429182E-01  3.826531E-06      1      1      2     14      7      1
 -1.583265E+00  2.869778E-01  3.024825E-05      1      1      2     14      7      1
 -2.207223E+00  3.967296E-01  2.459972E-05      1      1      2     14      7      1
 -1.295748E+00  1.531517E-01  3.255329E-06      1      1      2     14      7      1
 -1.336916E+00  2.518495E-01  1.024678E-05      1      1      2     14      7      1
 -1.496574E+00  7.103769E-02  7.989907E-06      1      1      2     14      7      1
 -1.561955E+00  1.506471E-01  4.481791E-06      1      1      2     14      7      1
 -1.508269E+00  1.478626E-01  1.420233E-07      1      1      2     14      7      1
 -1.150778E+00  7.396554E-02  1.790221E-05      1      1      2     14      7      1
 -1.618447E+00  3.770579E-01  6.563982E-05      1      1      2     14      7      1
 -1.949118E+00  3.804773E-01  5.829348E-06      1      1      2     14      7      1
 -1.750261E+00  3.355873E-01  5.516757E-05      1      1      2     14      7      1
 -1.430801E+00  8.959959E-02  2.571349E-06      1      1      2     14      7      1
 -1.390100E+00  3.186212E-01  1.904969E-06      1      1      2     14      7      1
 -1.239487E+00  2.491368E-01  1.690358E-05      1      1      2     14      7      1
 -1.496404E+00  1.985125E-01  1.171824E-06      1      1      2     14      7      1
 -1.527940E+00  2.310764E-01  1.862502E-05      1      1      2     14      7      1
 -3.955730E+00  3.239039E-01  4.292047E-06      1      1      2     14      7      1
 -1.502448E+00  2.868723E-01  7.840178E-05      1      1      2     14      7      1
 -1.535886E+00  3.357904E-01  2.322151E-05      1      1      2     14      7      1
 -1.127097E+00 -1.041681E-01  4.691498E-06      1      1      2     14      7      1
 -1.568328E+00  3.459405E-01  8.895722E-05      1      1      2     14      7      1
 -1.471732E+00  2.358156E-01  7.935619E-05      1      1      2     14      7      1
 -1.320719E+00 -6.499706E-02  2.107672E-06      1      1      2     14      7      1
 -1.232582E+00  1.092044E-01  5.130615E-06      1      1      2     14      7      1
 -1.475192E+00  9.136175E-02  2.710570E-06      1      1      2     14      7      1
 -1.252665E+00  2.358577E-01  9.444289E-06      1      1      2     14      7      1
 -1.224612E+00 -1.110321E-01  2.531859E-06      1      1      2     14      7      1
 -1.023339E+00  1.611253E-01  2.708513E-05      1      1      2     14      7      1
 -1.273224E+00  1.944346E-01  4.304086E-06      1      1      2     14      7      1
 -1.290257E+00  2.508610E-01  1.191131E-04      1      1      2     14      7      1
 -1.578201E+00  3.578318E-01  1.387092E-04      1      1      2     14      7      1
 -1.458666E+00  1.404803E-01  1.824063E-06      1      1      2     14      7      1
 -2.264856E+00  4.364511E-01  3.165842E-05      1      1      2     14      7      1
 -1.408705E+00  1.397992E-01  2.168264E-06      1      1      2     14      7      1
 -1.632372E+00  2.926104E-01  1.308462E-06      1      1      2     14      7      1
 -1.442461E+00  3.585036E-01  1.561075E-05      1      1      2     14      7      1
 -4.029184E+00  3.072215E-01  4.019558E-06      1      1      2     14      7      1
 -1.584843E+00  2.275103E-01  4.114386E-06      1      1      2     14      7      1
 -1.482669E+00  1.971609E-01  1.524211E-06      1      1      2     14      7      1
 -1.618423E+00  3.254876E-01  3.170964E-05      1      1      2     14      7      1
 -1.315589E+00  3.395716E-02  2.083943E-06      1      1      2     14      7      1
 -1.716077E+00  1.775481E-01  3.159712E-06      1      1      2     14      7      1
 -1.322604E+00  2.107319E-01  3.365217E-05      1      1      2     14      7      1
 -3.897436E+00  6.245428E-01  1.265995E-04      1      1      2     14      7      1
 -1.395689E+00  1.602058E-01  1.052873E-06      1      1      2     14      7      1
 -1.559299E+00  2.527867E-01  9.827366E-06      1      1      2     14      7      1
 -1.326284E+00  1.526607E-01  9.100175E-07      1      1      2     14      7      1
 -1.464813E+00  3.342384E-01  2.094669E-05      1      1      2     14      7      1
 -1.323140E+00  1.416039E-01  2.496091E-05      1      1      2     14      7      1
 -1.251473E+00  6.180647E-02  8.169844E-06      1      1      2     14      7      1
 -1.930810E+00  4.125792E-01  5.175271E-07      1      1      2     14      7      1
 -1.751743E+00  2.850169E-01  4.626265E-06      1      1      2     14      7      1
 -2.091347E+00  3.405311E-01  1.910836E-04      1      1      2     14      7      1
