 -4.586540E-01  1.587073E-01  9.067807E-04      1      0      2     14      9      7
 -9.352370E-01  2.323531E-01  1.587542E-04      1      0      2     14      9      7
 -1.034676E+00  2.665126E-01  5.079804E-04      1      0      2     14      9      7
 -5.083484E-01  4.935832E-02  4.021042E-03      1      0      2     14      9      7
 -3.643329E-01  6.274475E-02  2.671609E-03      1      0      2     14      9      7
 -8.822583E-01  5.183072E-02  6.126176E-05      1      0      2     14      9      7
 -4.811091E-01  4.934603E-02  2.505061E-04      1      0      2     14      9      7
 -8.831528E-01  6.767215E-02  4.069099E-04      1      0      2     14      9      7
 -6.062223E-01  6.501417E-02  3.537841E-03      1      0      2     14      9      7
 -1.472564E+00  4.016901E-01  2.929541E-04      1      0      2     14      9      7
 -5.012207E-01  7.922553E-02  8.408146E-04      1      0      2     14      9      7
 -9.429956E-01  1.938426E-01  6.845158E-05      1      0      2     14      9      7
 -9.120397E-01  5.085084E-02  6.032690E-04      1      0      2     14      9      7
 -1.030873E+00  8.814743E-02  1.303141E-05      1      0      2     14      9      7
 -9.477403E-01  1.254772E-01  2.382214E-04      1      0      2     14      9      7
 -7.500253E-01 -8.549090E-02  1.241417E-04      1      0      2     14      9      7
 -1.099922E+00  2.244481E-01  6.823382E-04      1      0      2     14      9      7
 -1.277783E+00  3.238724E-01  3.280510E-04      1      0      2     14      9      7
 -1.704769E+00  2.884052E-01  8.384492E-05      1      0      2     14      9      7
 -8.301611E-01  5.246779E-02  4.608617E-05      1      0      2     14      9      7
 -1.155777E+00  2.415548E-01  8.602252E-04      1      0      2     14      9      7
 -1.504335E+00  2.902177E-01  1.750824E-04      1      0      2     14      9      7
 -1.161483E+00  2.455907E-01  4.315018E-03      1      0      2     14      9      7
 -5.576516E-01  2.254940E-02  3.981245E-03      1      0      2     14      9      7
 -8.922483E-01  2.272454E-01  1.096795E-03      1      0      2     14      9      7
 -7.836417E-01  2.057123E-01  7.996280E-05      1      0      2     14      9      7
 -1.108795E+00  1.458655E-01  2.374067E-04      1      0      2     14      9      7
 -9.322671E-01  1.349597E-01  3.730221E-05      1      0      2     14      9      7
 -9.133949E-01  1.879334E-01  4.921365E-03      1      0      2     14      9      7
 -8.684265E-01  9.657161E-02  1.111587E-03      1      0      2     14      9      7
 -5.273279E-01  2.864604E-02  4.343176E-04      1      0      2     14      9      7
 -1.301648E+00  3.003354E-01  1.032668E-03      1      0      2     14      9      7
 -7.949927E-01  2.957061E-02  2.284034E-05      1      0      2     14      9      7
 -6.980433E-01 -4.657095E-02  2.606394E-04      1      0      2     14      9      7
 -1.069960E+00  2.526113E-01  3.864105E-04      1      0      2     14      9      7
 -1.176154E+00  2.290567E-01  1.454033E-03      1      0      2     14      9      7
 -2.081121E+00  3.738739E-01  3.747979E-05      1      0      2     14      9      7
 -7.996104E-01  1.007936E-01  1.566667E-04      1      0      2     14      9      7
 -9.468325E-01  1.707612E-01  2.579512E-03      1      0      2     14      9      7
 -7.971336E-01  1.324857E-01  8.124307E-04      1      0      2     14      9      7
 -8.463369E-01  1.130031E-01  1.793663E-04      1      0      2     14      9      7
 -9.069473E-01  1.490416E-01  7.832960E-05      1      0      2     14      9      7
 -9.884802E-01  1.602398E-01  3.256744E-05      1      0      2     14      9      7
 -8.166267E-01  1.641327E-01  2.030945E-04      1      0      2     14      9      7
 -8.774343E-01  9.081666E-02  3.480360E-04      1      0      2     14      9      7
 -8.913491E-01  1.552391E-01  4.078861E-04      1      0      2     14      9      7
 -5.700942E-01  9.518554E-02  1.381947E-03      1      0      2     14      9      7
 -1.544041E+00  2.686306E-01  3.410152E-04      1      0      2     14      9      7
 -8.745986E-01  1.296757E-01  3.093124E-03      1      0      2     14      9      7
 -5.015800E-01 -1.466310E-02  5.544983E-04      1      0      2     14      9      7
 -7.456642E-01  1.135966E-01  3.486518E-03      1      0      2     14      9      7
 -8.742258E-01  6.732806E-02  3.128491E-04      1      0      2     14      9      7
 -9.668956E-01  6.101768E-02  4.333039E-05      1      0      2     14      9      7
 -1.029966E+00  1.490480E-01  5.666253E-05      1      0      2     14      9      7
 -1.066697E+00  2.654941E-01  8.464839E-05      1      0      2     14      9      7
 -4.098220E-01  5.303358E-02  8.418283E-04      1      0      2     14      9      7
 -1.474994E+00  2.908615E-01  1.362349E-04      1      0      2     14      9      7
 -1.352990E+00  2.782423E-01  2.587171E-04      1      0      2     14      9      7
 -1.037954E+00  2.936993E-01  2.451672E-03      1      0      2     14      9      7
 -1.260772E+00  2.583981E-01  3.836698E-03      1      0      2     14      9      7
 -1.539255E+00  2.461605E-01  3.330820E-03      1      0      2     14      9      7
 -9.627239E-01  2.144627E-01  5.018982E-05      1      0      2     14      9      7
 -9.555262E-01  1.982878E-01  1.278324E-04      1      0      2     14      9      7
 -7.738497E-01 -6.198008E-02  1.959836E-05      1      0      2     14      9      7
 -1.339819E+00  2.316777E-01  2.093533E-04      1      0      2     14      9      7
 -4.553048E-01  8.416439E-03  3.795398E-03      1      0      2     14      9      7
 -1.117957E+00  2.957534E-01  1.151798E-03      1      0      2     14      9      7
 -1.212741E+00  2.075641E-01  1.018927E-03      1      0      2     14      9      7
 -8.943554E-01  1.378774E-01  1.863346E-03      1      0      2     14      9      7
 -1.122892E+00  1.599268E-01  1.586979E-05      1      0      2     14      9      7
 -9.251787E-01  1.087802E-01  1.389418E-04      1      0      2     14      9      7
 -6.563998E-01  1.529362E-01  1.319735E-03      1      0      2     14      9      7
 -7.610924E-01 -1.755859E-03  3.857347E-05      1      0      2     14      9      7
 -1.312596E+00  2.274775E-01  1.305168E-04      1      0      2     14      9      7
 -4.256418E-01  5.404120E-02  5.413577E-04      1      0      2     14      9      7
 -1.057423E+00  1.875595E-01  1.873595E-04      1      0      2     14      9      7
 -8.372437E-01  7.077648E-02  1.573951E-04      1      0      2     14      9      7
 -8.048007E-01  1.934228E-01  2.976998E-05      1      0      2     14      9      7
 -8.509218E-01 -3.663543E-02  1.475884E-04      1      0      2     14      9      7
 -5.584935E-01  1.115865E-01  5.697791E-03      1      0      2     14      9      7
 -7.202648E-01  9.601910E-02  3.330069E-03      1      0      2     14      9      7
 -6.062223E-01  6.501417E-02  3.537841E-03      1      0      2     14      9      7
 -5.627959E-01  9.933235E-02  6.660438E-04      1      0      2     14      9      7
 -7.095726E-01  3.010098E-02  1.167717E-04      1      0      2     14      9      7
 -6.022134E-01  6.183996E-02  4.319523E-03      1      0      2     14      9      7
 -9.743267E-01  1.680485E-01  1.305205E-04      1      0      2     14      9      7
 -9.274362E-01  1.249453E-01  1.219641E-04      1      0      2     14      9      7
 -8.669084E-01  1.096009E-01  1.249001E-03      1      0      2     14      9      7
 -1.005056E+00  2.107645E-01  2.310353E-04      1      0      2     14      9      7
 -1.353451E+00  2.802120E-01  4.818493E-04      1      0      2     14      9      7
 -5.538271E-01  4.198924E-02  4.076984E-03      1      0      2     14      9      7
 -4.241940E-01  8.999799E-02  5.852850E-03      1      0      2     14      9      7
 -2.283896E+00  4.237556E-01  3.804784E-03      1      0      2     14      9      7
 -9.625449E-01  1.097477E-01  5.116598E-04      1      0      2     14      9      7
 -4.572921E-01  2.027644E-02  5.040757E-04      1      0      2     14      9      7
 -7.784530E-01  3.414593E-02  2.088351E-04      1      0      2     14      9      7
 -3.764838E-01 -4.854995E-02  2.498603E-04      1      0      2     14      9      7
 -6.385776E-01  5.420345E-02  1.341849E-03      1      0      2     14      9      7
 -1.138921E+00  1.603378E-01  2.210222E-04      1      0      2     14      9      7
 -7.167764E-01  1.293984E-01  3.601667E-04      1      0      2     14      9      7
 -1.208497E+00  2.585955E-01  1.874609E-04      1      0      2     14      9      7
 -7.442001E-01 -5.587470E-02  3.258921E-05      1      0      2     14      9      7
 -4.825987E-01  1.154003E-01  1.114366E-03      1      0      2     14      9      7
 -1.001364E+00  1.460392E-01  2.037741E-04      1      0      2     14      9      7
 -1.083640E+00  1.663106E-01  2.106823E-03      1      0      2     14      9      7
 -9.892192E-01  4.282947E-02  2.248367E-04      1      0      2     14      9      7
 -6.105875E-01  7.228516E-02  8.912372E-04      1      0      2     14      9      7
 -5.219764E-01  2.376318E-02  8.132567E-04      1      0      2     14      9      7
 -1.550283E+00  3.604513E-01  2.003388E-04      1      0      2     14      9      7
 -1.137443E+00  2.347377E-01  1.806953E-04      1      0      2     14      9      7
 -5.052682E-01  9.755490E-02  5.452248E-04      1      0      2     14      9      7
 -8.542649E-01  2.305782E-02  3.252989E-04      1      0      2     14      9      7
 -2.114683E+00  4.125870E-01  2.161451E-04      1      0      2     14      9      7
 -7.412514E-01  1.230019E-01  5.565258E-04      1      0      2     14      9      7
 -6.936639E-01  4.500201E-02  4.415637E-04      1      0      2     14      9      7
 -1.403359E+00  2.020739E-01  4.090500E-04      1      0      2     14      9      7
 -5.633452E-01  5.305143E-02  1.725819E-03      1      0      2     14      9      7
 -1.014225E+00  1.142231E-01  5.685025E-05      1      0      2     14      9      7
 -4.910629E-01 -1.130369E-02  2.561340E-04      1      0      2     14      9      7
 -1.244253E+00  2.510922E-01  1.108021E-04      1      0      2     14      9      7
 -6.887743E-01  9.590570E-02  2.327699E-04      1      0      2     14      9      7
 -1.418354E+00  2.804156E-01  4.882694E-04      1      0      2     14      9      7
 -8.754725E-01  7.349257E-02  2.129012E-04      1      0      2     14      9      7
 -1.043752E+00  1.019049E-01  7.489801E-05      1      0      2     14      9      7
 -1.316431E+00  2.595225E-01  5.835204E-05      1      0      2     14      9      7
 -1.230887E+00  1.580398E-01  2.810862E-05      1      0      2     14      9      7
 -7.243601E-01  7.638798E-02  2.752480E-03      1      0      2     14      9      7
 -5.405945E-01 -4.936173E-02  1.197264E-03      1      0      2     14      9      7
 -1.242749E+00  2.404799E-01  1.253844E-03      1      0      2     14      9      7
 -5.023510E-01  1.614959E-01  3.469623E-03      1      0      2     14      9      7
 -8.118732E-01  1.290524E-02  6.470086E-05      1      0      2     14      9      7
 -5.714458E-01  7.112391E-03  3.245180E-03      1      0      2     14      9      7
 -1.103499E+00  2.260435E-01  8.887592E-04      1      0      2     14      9      7
 -9.232833E-01  1.508193E-01  4.875936E-04      1      0      2     14      9      7
 -6.640261E-01  2.102186E-02  1.696760E-04      1      0      2     14      9      7
 -8.186698E-01  1.406331E-01  6.574085E-05      1      0      2     14      9      7
 -8.152504E-01  4.301076E-02  2.400686E-03      1      0      2     14      9      7
 -1.291520E+00  2.117360E-01  8.899606E-04      1      0      2     14      9      7
 -7.150924E-01  6.595269E-02  1.263043E-03      1      0      2     14      9      7
 -8.034991E-01  4.047412E-02  3.132546E-04      1      0      2     14      9      7
 -8.141826E-01  1.795373E-01  4.135929E-03      1      0      2     14      9      7
 -9.342036E-01  1.348710E-01  1.328521E-04      1      0      2     14      9      7
 -2.059950E+00  3.265101E-01  1.533628E-05      1      0      2     14      9      7
 -7.770302E-01  9.262828E-02  1.787130E-04      1      0      2     14      9      7
 -8.375700E-01  3.894461E-02  3.014355E-04      1      0      2     14      9      7
 -1.093673E+00  1.690881E-01  6.467458E-06      1      0      2     14      9      7
 -1.241488E+00  2.644875E-01  3.015669E-04      1      0      2     14      9      7
 -1.146831E+00  1.546702E-01  5.242373E-04      1      0      2     14      9      7
 -1.294777E+00  3.198579E-01  8.544808E-05      1      0      2     14      9      7
 -9.389078E-01  1.438420E-01  2.381313E-03      1      0      2     14      9      7
 -8.731852E-01  1.309959E-01  4.776067E-04      1      0      2     14      9      7
 -7.615447E-01  1.115524E-01  7.035135E-05      1      0      2     14      9      7
 -1.211527E+00  2.018781E-01  1.139145E-04      1      0      2     14      9      7
 -5.045921E-01  1.304014E-01  3.451151E-03      1      0      2     14      9      7
 -1.379446E+00  3.546590E-01  3.129655E-03      1      0      2     14      9      7
 -8.085665E-01  1.146995E-01  1.838829E-04      1      0      2     14      9      7
 -1.029991E+00  2.026187E-01  6.225670E-04      1      0      2     14      9      7
 -1.001447E+00  4.389892E-02  9.480799E-05      1      0      2     14      9      7
 -1.335720E+00  1.611262E-01  2.364230E-05      1      0      2     14      9      7
 -9.981263E-01  2.186323E-01  4.923242E-03      1      0      2     14      9      7
 -9.846589E-01  2.575914E-01  1.575077E-04      1      0      2     14      9      7
 -7.962887E-01  1.697975E-01  3.953462E-04      1      0      2     14      9      7
 -7.557190E-01  2.501915E-02  7.070051E-04      1      0      2     14      9      7
 -6.298324E-01  1.620371E-01  1.295406E-04      1      0      2     14      9      7
 -9.540446E-01  1.954352E-01  3.341370E-05      1      0      2     14      9      7
 -1.401107E+00  3.847281E-01  2.203501E-04      1      0      2     14      9      7
 -1.239528E+00  2.427267E-01  4.755417E-04      1      0      2     14      9      7
 -6.691237E-01  1.183471E-01  2.170236E-04      1      0      2     14      9      7
 -8.703578E-01  1.727707E-01  5.568637E-03      1      0      2     14      9      7
 -7.290824E-01  7.778703E-02  1.152924E-03      1      0      2     14      9      7
 -9.703202E-01  1.129665E-01  3.612105E-04      1      0      2     14      9      7
 -2.056957E+00  3.992201E-01  2.114971E-04      1      0      2     14      9      7
 -1.316707E+00  2.151214E-01  5.163153E-05      1      0      2     14      9      7
 -3.730560E-01  8.115439E-02  5.073797E-04      1      0      2     14      9      7
 -8.022650E-01  4.608446E-02  3.292186E-04      1      0      2     14      9      7
 -1.070787E+00  2.222922E-01  2.539564E-04      1      0      2     14      9      7
 -1.052003E+00  2.826436E-01  5.031747E-05      1      0      2     14      9      7
 -9.651872E-01  7.903851E-02  3.692150E-05      1      0      2     14      9      7
 -4.655047E-01  9.278562E-02  5.853977E-03      1      0      2     14      9      7
 -7.286640E-01  1.070183E-01  1.264469E-03      1      0      2     14      9      7
 -8.761795E-01  4.880348E-02  8.898480E-05      1      0      2     14      9      7
 -9.850529E-01  1.615965E-02  1.939749E-05      1      0      2     14      9      7
 -1.285249E+00  2.512034E-01  1.457750E-04      1      0      2     14      9      7
 -9.327921E-01  9.554587E-02  3.785637E-04      1      0      2     14      9      7
 -7.384719E-01  4.739038E-02  6.443054E-04      1      0      2     14      9      7
 -7.821275E-01  2.075346E-01  2.427493E-04      1      0      2     14      9      7
 -1.201560E+00  3.256312E-01  6.333048E-04      1      0      2     14      9      7
 -5.641595E-01  8.315683E-02  1.984878E-03      1      0      2     14      9      7
 -7.150926E-01  7.468294E-02  1.070663E-03      1      0      2     14      9      7
 -6.674237E-01 -5.644431E-02  2.989050E-04      1      0      2     14      9      7
 -5.202464E-01 -2.820458E-03  1.246148E-03      1      0      2     14      9      7
 -1.279530E+00  3.553388E-01  2.780263E-03      1      0      2     14      9      7
 -8.190779E-01  9.354466E-02  5.953095E-04      1      0      2     14      9      7
 -1.064885E+00  1.361903E-01  1.363287E-03      1      0      2     14      9      7
 -1.175637E+00  1.033740E-01  6.022928E-04      1      0      2     14      9      7
 -8.008080E-01  7.541140E-02  1.151385E-04      1      0      2     14      9      7
 -1.292413E+00  2.916323E-01  1.257298E-04      1      0      2     14      9      7
 -4.022580E-01  9.169558E-02  2.198996E-04      1      0      2     14      9      7
 -7.767087E-01  1.261797E-01  5.653488E-05      1      0      2     14      9      7
 -1.011033E+00  1.649020E-01  3.291773E-03      1      0      2     14      9      7
 -1.551284E+00  2.370644E-01  6.287243E-05      1      0      2     14      9      7
 -9.677202E-01  1.481066E-01  5.091443E-04      1      0      2     14      9      7
 -9.900036E-01  6.020904E-02  5.050895E-05      1      0      2     14      9      7
 -8.248765E-01  2.348828E-01  3.405046E-03      1      0      2     14      9      7
 -9.233545E-01  1.989080E-01  1.803687E-03      1      0      2     14      9      7
 -9.858324E-01  2.261986E-01  1.543502E-03      1      0      2     14      9      7
 -4.787931E-01  5.217147E-02  1.156528E-03      1      0      2     14      9      7
 -1.053936E+00  2.166716E-01  2.218970E-04      1      0      2     14      9      7
 -3.305480E-01 -5.796519E-02  3.008836E-04      1      0      2     14      9      7
 -9.055007E-01  1.046477E-01  3.287643E-05      1      0      2     14      9      7
 -7.319663E-01  1.380820E-01  4.285357E-03      1      0      2     14      9      7
 -1.972385E+00  3.454668E-01  1.083842E-04      1      0      2     14      9      7
 -1.070364E+00  2.128951E-01  4.636025E-05      1      0      2     14      9      7
 -9.496675E-01  1.913259E-01  1.889139E-04      1      0      2     14      9      7
 -1.079746E+00  1.738474E-01  2.816382E-05      1      0      2     14      9      7
 -9.191345E-01  1.535376E-01  2.771215E-03      1      0      2     14      9      7
 -7.750321E-01 -4.710553E-02  2.138849E-04      1      0      2     14      9      7
 -1.024314E+00  2.314133E-01  1.520187E-04      1      0      2     14      9      7
 -8.897786E-01  1.816279E-01  1.458313E-04      1      0      2     14      9      7
 -1.622982E+00  3.862727E-01  1.301301E-04      1      0      2     14      9      7
 -4.241940E-01  8.999799E-02  5.852850E-03      1      0      2     14      9      7
 -8.502356E-01  1.489130E-01  2.462184E-05      1      0      2     14      9      7
 -1.536305E+00  2.763972E-01  4.226787E-04      1      0      2     14      9      7
 -8.057524E-01  1.168435E-01  2.593028E-03      1      0      2     14      9      7
 -1.210932E+00  1.411265E-01  1.579695E-04      1      0      2     14      9      7
 -8.573052E-01  1.744292E-01  3.866358E-04      1      0      2     14      9      7
 -7.428195E-01  2.345237E-01  2.018406E-03      1      0      2     14      9      7
 -6.309133E-01  6.918398E-02  3.978241E-04      1      0      2     14      9      7
 -5.852900E-01  6.212350E-03  8.372478E-04      1      0      2     14      9      7
 -6.540581E-01  8.836547E-02  2.421035E-04      1      0      2     14      9      7
 -1.085250E+00  1.481620E-01  1.138920E-03      1      0      2     14      9      7
 -9.085054E-01  1.845205E-01  4.750912E-04      1      0      2     14      9      7
 -6.049885E-01  2.817392E-02  3.507918E-04      1      0      2     14      9      7
 -1.106619E+00  1.797627E-01  2.677541E-05      1      0      2     14      9      7
 -6.946483E-01  1.958959E-01  1.357243E-03      1      0      2     14      9      7
 -5.192226E-01  1.036647E-01  7.367781E-04      1      0      2     14      9      7
 -1.059118E+00  2.497414E-01  2.740804E-04      1      0      2     14      9      7
 -6.133921E-01  1.608956E-01  5.354632E-03      1      0      2     14      9      7
 -8.954598E-01  1.431716E-01  8.457330E-05      1      0      2     14      9      7
 -6.888310E-01 -5.003482E-02  5.393303E-05      1      0      2     14      9      7
 -7.733629E-01  1.172302E-01  3.747153E-04      1      0      2     14      9      7
 -7.561952E-01  2.077989E-02  2.422199E-04      1      0      2     14      9      7
 -6.638925E-01 -9.251367E-02  5.085436E-04      1      0      2     14      9      7
 -9.141453E-01  1.246672E-01  6.102523E-04      1      0      2     14      9      7
 -6.037441E-01  1.595157E-01  1.161109E-04      1      0      2     14      9      7
 -8.072203E-01  2.401051E-01  2.005753E-04      1      0      2     14      9      7
 -9.505728E-01  2.631846E-01  5.558500E-04      1      0      2     14      9      7
 -6.284251E-01  1.109128E-01  2.599748E-03      1      0      2     14      9      7
 -8.025616E-01  1.280348E-01  5.601676E-05      1      0      2     14      9      7
 -8.874684E-01  1.394761E-01  6.162219E-04      1      0      2     14      9      7
 -7.445980E-01 -4.209997E-03  5.116222E-04      1      0      2     14      9      7
 -8.751440E-01  1.110076E-03  1.735130E-04      1      0      2     14      9      7
 -6.223494E-01  1.586286E-01  1.163174E-03      1      0      2     14      9      7
 -6.365525E-01  5.875750E-02  5.326848E-04      1      0      2     14      9      7
 -1.159468E+00  2.666352E-01  4.283480E-04      1      0      2     14      9      7
 -7.573858E-01 -9.720508E-02  2.373767E-05      1      0      2     14      9      7
 -8.068119E-01  1.162657E-01  6.037195E-04      1      0      2     14      9      7
 -6.794448E-01 -3.476094E-02  2.242698E-04      1      0      2     14      9      7
 -6.969650E-01  4.897680E-02  2.136108E-04      1      0      2     14      9      7
 -7.827699E-01  9.138025E-02  5.716938E-05      1      0      2     14      9      7
 -8.451580E-01  1.278160E-01  3.480661E-04      1      0      2     14      9      7
 -8.764764E-01  5.395369E-02  6.355574E-04      1      0      2     14      9      7
 -6.838558E-01  9.261588E-02  1.541062E-04      1      0      2     14      9      7
 -1.097976E+00  2.133163E-01  6.030437E-04      1      0      2     14      9      7
 -4.485887E-01  2.497395E-02  5.922308E-03      1      0      2     14      9      7
 -9.150308E-01  2.297164E-01  4.812485E-04      1      0      2     14      9      7
 -5.275504E-01  1.038465E-01  6.046957E-03      1      0      2     14      9      7
 -9.170504E-01  1.653683E-01  2.158485E-04      1      0      2     14      9      7
 -5.513878E-01  1.190272E-01  2.556534E-03      1      0      2     14      9      7
 -5.312571E-01 -1.748234E-03  2.145682E-03      1      0      2     14      9      7
 -7.976059E-01  7.797066E-02  8.450196E-04      1      0      2     14      9      7
 -1.161877E+00  2.089566E-01  6.079996E-04      1      0      2     14      9      7
 -5.932259E-01  2.649219E-02  3.466394E-03      1      0      2     14      9      7
 -7.634684E-01  1.276088E-01  3.592619E-05      1      0      2     14      9      7
 -1.004859E+00  1.697142E-01  2.268041E-03      1      0      2     14      9      7
 -1.024371E+00  1.784714E-01  1.303779E-04      1      0      2     14      9      7
 -6.546124E-01  1.125267E-02  6.046957E-03      1      0      2     14      9      7
 -1.380396E+00  3.005574E-01  4.214022E-04      1      0      2     14      9      7
 -6.790644E-01  1.269830E-02  1.287484E-04      1      0      2     14      9      7
 -8.353261E-01  2.091568E-01  5.242748E-03      1      0      2     14      9      7
 -1.194049E+00  2.249518E-01  7.661756E-05      1      0      2     14      9      7
 -1.403741E+00  2.912091E-01  1.074831E-03      1      0      2     14      9      7
 -7.878173E-01  4.652526E-02  1.908324E-03      1      0      2     14      9      7
 -8.317920E-01  3.140727E-02  5.830323E-04      1      0      2     14      9      7
 -1.401653E+00  2.165384E-01  1.541775E-04      1      0      2     14      9      7
 -6.711139E-01  1.118486E-01  5.924936E-03      1      0      2     14      9      7
 -8.086788E-01  2.792598E-02  7.815315E-05      1      0      2     14      9      7
 -1.131697E+00  7.235486E-02  1.830194E-05      1      0      2     14      9      7
 -1.299913E+00  1.199414E-01  1.180294E-04      1      0      2     14      9      7
 -4.644228E-01  9.524291E-02  3.105288E-03      1      0      2     14      9      7
 -7.271998E-01  1.012696E-01  7.645237E-05      1      0      2     14      9      7
 -9.591752E-01 -2.521865E-02  2.138661E-04      1      0      2     14      9      7
 -4.304690E-01  1.232929E-02  8.587234E-04      1      0      2     14      9      7
 -4.907914E-01  9.073366E-02  1.769071E-03      1      0      2     14      9      7
 -1.129767E+00  2.489676E-01  1.198654E-04      1      0      2     14      9      7
 -1.552779E+00  2.943998E-01  4.091251E-04      1      0      2     14      9      7
 -1.001796E+00  1.632559E-01  6.655557E-04      1      0      2     14      9      7
 -7.646428E-01  8.073270E-02  1.908024E-03      1      0      2     14      9      7
 -9.874404E-01  2.012870E-02  9.357652E-04      1      0      2     14      9      7
 -9.892251E-01  2.380882E-01  2.569637E-03      1      0      2     14      9      7
 -5.610132E-01  4.708532E-02  1.488649E-03      1      0      2     14      9      7
 -5.486843E-01  9.622189E-02  2.355557E-03      1      0      2     14      9      7
 -7.590908E-01 -2.415706E-02  2.131190E-04      1      0      2     14      9      7
 -9.827054E-01  1.339572E-01  2.076375E-03      1      0      2     14      9      7
 -7.245826E-01  1.983771E-01  1.569445E-03      1      0      2     14      9      7
 -5.518387E-01  3.760722E-02  2.074122E-03      1      0      2     14      9      7
 -7.709606E-01  6.692480E-02  7.408329E-05      1      0      2     14      9      7
 -6.126223E-01 -3.441957E-02  3.425395E-04      1      0      2     14      9      7
 -1.115416E+00  1.231482E-01  1.213484E-04      1      0      2     14      9      7
 -1.302167E+00  2.081084E-01  1.995090E-03      1      0      2     14      9      7
 -8.149466E-01  1.611968E-01  6.370968E-04      1      0      2     14      9      7
 -1.025837E+00  2.422400E-02  6.488483E-05      1      0      2     14      9      7
 -1.101989E+00  2.433691E-01  4.815864E-04      1      0      2     14      9      7
 -9.100971E-01 -5.457833E-02  6.789216E-05      1      0      2     14      9      7
 -9.504870E-01  1.676176E-01  4.105518E-03      1      0      2     14      9      7
 -8.086769E-01  2.208853E-01  1.913731E-04      1      0      2     14      9      7
 -5.338264E-01  5.882064E-02  2.028017E-03      1      0      2     14      9      7
 -8.594935E-01 -1.040280E-02  3.684904E-04      1      0      2     14      9      7
 -9.002389E-01  4.809668E-02  4.281227E-04      1      0      2     14      9      7
 -7.759988E-01 -1.761970E-03  6.015795E-05      1      0      2     14      9      7
 -1.557417E+00  2.318683E-01  5.318589E-05      1      0      2     14      9      7
 -1.342410E+00  3.853115E-01  3.117565E-05      1      0      2     14      9      7
 -6.366456E-01  5.932492E-02  5.838208E-03      1      0      2     14      9      7
 -4.410035E-01  1.692087E-02  1.210330E-03      1      0      2     14      9      7
 -4.749606E-01  5.773363E-02  3.486931E-04      1      0      2     14      9      7
 -1.203505E+00  2.324558E-01  6.873316E-05      1      0      2     14      9      7
 -8.548457E-01  7.944658E-02  2.320791E-03      1      0      2     14      9      7
 -7.699395E-01 -9.323210E-02  2.331491E-04      1      0      2     14      9      7
 -1.248098E+00  1.497003E-01  2.901946E-04      1      0      2     14      9      7
 -1.388233E+00  2.842663E-01  2.856029E-04      1      0      2     14      9      7
 -7.427728E-01  1.194790E-01  6.110783E-04      1      0      2     14      9      7
 -1.146660E+00  2.053814E-01  6.050711E-03      1      0      2     14      9      7
 -1.575915E+00  3.126193E-01  6.467833E-04      1      0      2     14      9      7
 -8.321529E-01  3.846400E-02  2.419196E-04      1      0      2     14      9      7
 -1.152239E+00  2.747819E-01  5.218720E-04      1      0      2     14      9      7
 -7.907635E-01  1.125661E-01  3.316665E-04      1      0      2     14      9      7
 -8.367572E-01  9.996619E-03  6.542547E-04      1      0      2     14      9      7
 -9.891013E-01  1.346602E-01  8.127687E-05      1      0      2     14      9      7
 -7.148257E-01  5.947361E-02  2.728076E-04      1      0      2     14      9      7
 -8.876186E-01 -2.282140E-02  1.309148E-05      1      0      2     14      9      7
 -7.650729E-01  1.185430E-01  2.383378E-03      1      0      2     14      9      7
 -9.800617E-01  1.636626E-01  1.019528E-03      1      0      2     14      9      7
 -7.272377E-01  1.138801E-01  1.255834E-03      1      0      2     14      9      7
 -6.647497E-01  4.598753E-04  8.031196E-04      1      0      2     14      9      7
 -8.809180E-01  8.166814E-02  4.233545E-04      1      0      2     14      9      7
 -6.619724E-01  6.414672E-02  3.204406E-03      1      0      2     14      9      7
 -8.195857E-01  8.859014E-02  9.810066E-04      1      0      2     14      9      7
 -1.039338E+00  2.152298E-01  5.136497E-04      1      0      2     14      9      7
 -9.468325E-01  1.707612E-01  2.579512E-03      1      0      2     14      9      7
 -7.437967E-01  1.975696E-01  2.383753E-03      1      0      2     14      9      7
 -8.270123E-01  6.530418E-02  5.285549E-04      1      0      2     14      9      7
 -8.208927E-01  1.215268E-01  8.895852E-04      1      0      2     14      9      7
 -5.170949E-01 -6.000105E-03  1.063680E-03      1      0      2     14      9      7
 -8.357131E-01  1.053649E-01  1.246861E-03      1      0      2     14      9      7
 -6.174695E-01  4.573073E-02  1.415700E-03      1      0      2     14      9      7
 -1.018641E+00  1.045605E-01  6.289496E-05      1      0      2     14      9      7
 -1.181576E+00  2.265352E-01  3.821680E-04      1      0      2     14      9      7
 -1.028764E+00  2.049179E-01  2.194303E-03      1      0      2     14      9      7
 -1.524127E+00  2.997620E-01  6.159966E-05      1      0      2     14      9      7
 -9.913758E-01  1.172139E-01  6.585348E-06      1      0      2     14      9      7
 -1.154694E+00  1.985799E-01  8.476102E-04      1      0      2     14      9      7
 -4.330959E-01  7.603353E-02  3.383270E-03      1      0      2     14      9      7
 -1.766151E+00  3.573290E-01  1.782474E-05      1      0      2     14      9      7
 -7.484074E-01  3.925266E-02  2.848257E-04      1      0      2     14      9      7
 -4.968495E-01  4.267258E-02  3.461963E-03      1      0      2     14      9      7
 -7.632916E-01  3.865105E-02  6.065729E-04      1      0      2     14      9      7
 -6.161170E-01 -7.465078E-02  4.099511E-05      1      0      2     14      9      7
 -1.198635E+00  1.117832E-01  1.203497E-04      1      0      2     14      9      7
 -5.177112E-01  2.037302E-02  4.417139E-03      1      0      2     14      9      7
 -8.927033E-01  1.640601E-01  1.136667E-04      1      0      2     14      9      7
 -1.108385E+00  3.036748E-01  3.521021E-04      1      0      2     14      9      7
 -8.254072E-01  1.061807E-01  1.941289E-04      1      0      2     14      9      7
 -1.053430E+00  1.789387E-01  5.119601E-04      1      0      2     14      9      7
 -1.465331E+00  3.372995E-01  1.502315E-04      1      0      2     14      9      7
 -4.871073E-01  4.319132E-02  3.129054E-04      1      0      2     14      9      7
 -1.225508E+00  3.128219E-01  5.460883E-04      1      0      2     14      9      7
 -1.451508E+00  3.162720E-01  4.118283E-04      1      0      2     14      9      7
 -5.854552E-01 -4.135179E-02  2.398321E-04      1      0      2     14      9      7
 -1.015646E+00  2.625779E-01  2.237517E-04      1      0      2     14      9      7
 -7.963460E-01  2.161265E-01  1.569295E-04      1      0      2     14      9      7
 -7.270975E-01  1.616626E-01  6.357076E-04      1      0      2     14      9      7
 -1.613791E+00  2.930654E-01  7.401196E-06      1      0      2     14      9      7
 -2.136074E+00  4.301528E-01  5.057653E-03      1      0      2     14      9      7
 -5.098712E-01  6.888376E-02  3.660125E-03      1      0      2     14      9      7
 -9.238739E-01  1.926947E-01  8.876329E-04      1      0      2     14      9      7
 -9.340313E-01  1.605329E-01  5.790902E-04      1      0      2     14      9      7
 -8.168308E-01  1.548122E-01  5.875753E-05      1      0      2     14      9      7
 -1.271580E+00  2.012994E-01  1.774703E-05      1      0      2     14      9      7
 -6.981154E-01  2.889519E-02  4.848904E-05      1      0      2     14      9      7
 -1.094443E+00  1.747327E-01  8.242949E-05      1      0      2     14      9      7
 -4.519993E-01  5.635086E-02  2.617469E-03      1      0      2     14      9      7
 -8.715482E-01  1.219638E-01  3.265567E-04      1      0      2     14      9      7
 -7.103697E-01  1.263931E-01  1.134978E-04      1      0      2     14      9      7
 -8.289378E-01  1.615839E-01  2.461809E-04      1      0      2     14      9      7
 -7.899601E-01  1.338085E-01  1.298860E-03      1      0      2     14      9      7
 -5.043862E-01  1.345162E-02  2.370087E-04      1      0      2     14      9      7
 -4.762133E-01  1.945691E-03  6.806862E-04      1      0      2     14      9      7
 -6.062223E-01  6.501417E-02  3.537841E-03      1      0      2     14      9      7
 -5.477136E-01  1.075423E-01  3.142758E-04      1      0      2     14      9      7
 -1.109672E+00  2.383530E-01  5.138374E-04      1      0      2     14      9      7
 -9.218988E-01  1.573232E-01  1.233946E-03      1      0      2     14      9      7
 -9.403911E-01  1.126839E-01  2.192501E-04      1      0      2     14      9      7
 -8.006241E-01  1.368056E-01  1.100061E-04      1      0      2     14      9      7
 -4.370563E-01  4.531562E-02  6.601117E-04      1      0      2     14      9      7
 -1.321774E+00  2.177726E-01  1.994602E-04      1      0      2     14      9      7
 -6.445278E-01 -3.005882E-03  6.577088E-04      1      0      2     14      9      7
 -8.282665E-01  1.079523E-01  1.264132E-03      1      0      2     14      9      7
 -4.784389E-01  7.698042E-02  9.001353E-04      1      0      2     14      9      7
 -6.075582E-01  1.178885E-02  1.150934E-03      1      0      2     14      9      7
 -8.238162E-01  1.084600E-01  1.314629E-03      1      0      2     14      9      7
 -1.001184E+00  2.032346E-01  1.396777E-04      1      0      2     14      9      7
 -1.007802E+00  9.292693E-02  7.969248E-04      1      0      2     14      9      7
 -5.397053E-01  5.820286E-02  5.026866E-03      1      0      2     14      9      7
 -8.872886E-01  2.384118E-01  3.418299E-03      1      0      2     14      9      7
 -8.553848E-01  7.864662E-02  1.133551E-03      1      0      2     14      9      7
 -8.076486E-01  8.866045E-02  5.151890E-04      1      0      2     14      9      7
 -1.476904E+00  2.611864E-01  4.707360E-04      1      0      2     14      9      7
 -5.656968E-01  2.914368E-02  3.878748E-03      1      0      2     14      9      7
 -7.696457E-01  1.223566E-01  1.670291E-03      1      0      2     14      9      7
 -1.300332E+00  2.728232E-01  3.017396E-04      1      0      2     14      9      7
 -7.785819E-01  5.109979E-02  2.420172E-04      1      0      2     14      9      7
 -4.651459E-01  4.838516E-02  2.037966E-03      1      0      2     14      9      7
 -5.658138E-01  9.966899E-02  2.080542E-03      1      0      2     14      9      7
 -1.040129E+00  1.170964E-01  8.162978E-05      1      0      2     14      9      7
 -4.302038E-01 -5.275981E-02  2.676490E-04      1      0      2     14      9      7
 -8.661559E-01  2.091415E-01  3.444317E-03      1      0      2     14      9      7
 -8.068895E-01  2.084328E-01  3.906531E-04      1      0      2     14      9      7
 -7.321683E-01  7.446070E-02  3.091810E-03      1      0      2     14      9      7
 -7.520014E-01  3.505930E-03  5.058028E-05      1      0      2     14      9      7
 -8.372788E-01  9.857625E-02  2.169936E-03      1      0      2     14      9      7
 -8.091970E-01 -4.064979E-02  2.945010E-04      1      0      2     14      9      7
 -5.019203E-01 -1.250438E-02  1.510350E-03      1      0      2     14      9      7
 -4.419641E-01  7.163855E-02  5.595293E-03      1      0      2     14      9      7
 -8.595601E-01  1.248785E-01  1.662143E-04      1      0      2     14      9      7
 -6.908033E-01  9.849082E-02  3.836322E-03      1      0      2     14      9      7
 -1.419308E+00  2.356935E-01  3.211202E-04      1      0      2     14      9      7
 -1.386167E+00  2.189908E-01  5.679769E-04      1      0      2     14      9      7
 -7.553545E-01  7.524652E-02  7.258901E-04      1      0      2     14      9      7
 -4.220923E-01 -7.150210E-03  4.093128E-03      1      0      2     14      9      7
 -8.115182E-01 -2.241654E-02  2.874914E-04      1      0      2     14      9      7
 -9.582723E-01  1.040786E-01  1.197039E-03      1      0      2     14      9      7
 -7.899317E-01  8.454534E-02  8.636042E-04      1      0      2     14      9      7
 -8.455622E-01  6.441026E-04  5.537850E-05      1      0      2     14      9      7
 -6.460849E-01  2.121798E-02  6.952536E-04      1      0      2     14      9      7
 -9.357033E-01  2.507514E-01  4.666812E-03      1      0      2     14      9      7
 -1.085309E+00  6.985713E-02  1.717372E-05      1      0      2     14      9      7
 -4.499428E-01  3.994054E-03  9.182694E-04      1      0      2     14      9      7
 -8.867068E-01  1.627027E-01  1.611007E-03      1      0      2     14      9      7
 -7.592797E-01  1.303528E-01  3.661739E-04      1      0      2     14      9      7
 -1.858045E+00  3.854001E-01  2.932169E-04      1      0      2     14      9      7
 -4.017528E-01  2.955597E-02  3.080396E-03      1      0      2     14      9      7
 -1.080821E+00  8.297218E-02  6.795224E-05      1      0      2     14      9      7
 -1.093960E+00  2.352039E-01  1.937910E-03      1      0      2     14      9      7
 -8.943674E-01  1.622643E-01  4.476835E-04      1      0      2     14      9      7
 -7.695899E-01  5.754860E-02  6.750545E-05      1      0      2     14      9      7
 -9.588168E-01  9.030264E-02  3.351281E-04      1      0      2     14      9      7
 -5.200000E-01 -2.930283E-03  1.834361E-03      1      0      2     14      9      7
 -9.656476E-01  1.186009E-01  3.651001E-03      1      0      2     14      9      7
 -7.843232E-01  1.775750E-02  6.770819E-04      1      0      2     14      9      7
 -7.210850E-01  2.878891E-02  9.380930E-05      1      0      2     14      9      7
 -1.044781E+00  1.666978E-01  9.101222E-05      1      0      2     14      9      7
 -7.072674E-01  1.050889E-01  1.261616E-03      1      0      2     14      9      7
 -7.407034E-01  5.081286E-02  4.169719E-04      1      0      2     14      9      7
 -5.435250E-01  1.940075E-02  3.978241E-04      1      0      2     14      9      7
 -7.275913E-01  1.306470E-01  2.715687E-03      1      0      2     14      9      7
 -1.409960E+00  2.653350E-01  5.085811E-06      1      0      2     14      9      7
 -1.147186E+00  2.530370E-01  3.333298E-04      1      0      2     14      9      7
 -1.456597E+00  3.197409E-01  1.559046E-03      1      0      2     14      9      7
 -4.429331E-01  4.855584E-02  9.192455E-04      1      0      2     14      9      7
 -9.554776E-01  1.968138E-01  4.359696E-03      1      0      2     14      9      7
 -9.614932E-01  1.540359E-02  6.102148E-05      1      0      2     14      9      7
 -8.574403E-01  1.075585E-01  1.263531E-03      1      0      2     14      9      7
 -8.257030E-01  4.303543E-02  2.549025E-04      1      0      2     14      9      7
 -5.322854E-01 -4.946509E-03  7.139133E-04      1      0      2     14      9      7
 -1.337285E+00  2.737848E-01  9.450388E-05      1      0      2     14      9      7
 -8.472407E-01  2.515700E-02  5.186807E-05      1      0      2     14      9      7
 -7.991200E-01  2.580221E-02  7.630594E-05      1      0      2     14      9      7
 -1.634763E+00  4.126595E-01  8.609386E-04      1      0      2     14      9      7
 -1.091123E+00  2.102883E-01  3.193894E-03      1      0      2     14      9      7
 -8.126338E-01  1.437981E-01  3.667258E-04      1      0      2     14      9      7
 -6.813752E-01  4.844333E-02  1.180707E-03      1      0      2     14      9      7
 -4.750273E-01 -3.674567E-02  3.002679E-03      1      0      2     14      9      7
 -7.720711E-01  1.341734E-01  1.263268E-03      1      0      2     14      9      7
 -4.947105E-01  4.774654E-02  5.628333E-04      1      0      2     14      9      7
 -7.408186E-01 -1.829320E-04  2.037253E-03      1      0      2     14      9      7
 -4.995357E-01  9.510162E-02  1.169481E-03      1      0      2     14      9      7
 -8.282603E-01  1.707124E-01  1.062028E-04      1      0      2     14      9      7
 -6.778339E-01  1.184853E-01  7.702680E-04      1      0      2     14      9      7
 -1.526721E+00  2.437698E-01  2.398846E-05      1      0      2     14      9      7
 -1.083601E+00  1.590826E-01  1.187916E-04      1      0      2     14      9      7
 -6.730673E-01 -1.788555E-02  2.991866E-04      1      0      2     14      9      7
 -1.451910E+00  2.264227E-01  6.319156E-06      1      0      2     14      9      7
 -6.695793E-01  4.143364E-02  1.255309E-03      1      0      2     14      9      7
 -1.573900E+00  3.534495E-01  2.132166E-03      1      0      2     14      9      7
 -4.415141E-01 -4.009522E-02  2.589761E-04      1      0      2     14      9      7
 -8.059849E-01  1.361072E-01  3.365323E-04      1      0      2     14      9      7
 -1.336889E+00  3.488474E-01  1.314291E-04      1      0      2     14      9      7
 -8.717723E-01  2.099977E-01  8.261346E-04      1      0      2     14      9      7
 -1.043417E+00  1.884888E-01  2.190623E-03      1      0      2     14      9      7
 -5.434209E-01  1.462458E-01  2.992279E-03      1      0      2     14      9      7
 -6.443299E-01  6.444512E-02  1.931865E-03      1      0      2     14      9      7
 -5.095517E-01 -1.404906E-02  6.951785E-04      1      0      2     14      9      7
 -4.771066E-01  6.091996E-02  2.528451E-03      1      0      2     14      9      7
 -7.230696E-01  1.200720E-02  5.029494E-04      1      0      2     14      9      7
 -1.297956E+00  1.406676E-01  2.136183E-05      1      0      2     14      9      7
 -9.605352E-01  3.679347E-01  1.292065E-04      1      0      2     14      9      7
 -1.147398E+00  7.836176E-02  1.513241E-05      1      0      2     14      9      7
 -1.344291E+00  2.462816E-01  5.834453E-04      1      0      2     14      9      7
 -1.621595E+00  2.342730E-01  2.330102E-04      1      0      2     14      9      7
 -5.324340E-01  3.730544E-02  2.530929E-04      1      0      2     14      9      7
 -7.378476E-01  8.453172E-02  1.441380E-04      1      0      2     14      9      7
 -1.139135E+00  1.448529E-01  1.047198E-04      1      0      2     14      9      7
 -1.656243E+00  3.626250E-01  2.087563E-04      1      0      2     14      9      7
 -8.925988E-01  5.073431E-02  6.446433E-04      1      0      2     14      9      7
 -7.987662E-01  1.226863E-01  5.313332E-03      1      0      2     14      9      7
 -4.606656E-01  2.008062E-02  2.105509E-03      1      0      2     14      9      7
 -1.162359E+00  2.484150E-01  2.436616E-04      1      0      2     14      9      7
 -1.042745E+00  1.429486E-01  1.595126E-04      1      0      2     14      9      7
 -1.252632E+00  3.046737E-01  2.083433E-04      1      0      2     14      9      7
 -8.228363E-01  6.454423E-02  2.629897E-04      1      0      2     14      9      7
 -7.790815E-01  7.289568E-02  3.104575E-04      1      0      2     14      9      7
 -6.910801E-01 -4.617243E-02  6.039823E-04      1      0      2     14      9      7
 -6.328501E-01  6.267733E-02  2.715762E-04      1      0      2     14      9      7
 -5.074051E-01  1.354700E-02  8.245952E-04      1      0      2     14      9      7
 -1.095058E+00  2.610425E-01  5.592290E-04      1      0      2     14      9      7
 -8.736221E-01  5.999238E-02  1.437476E-04      1      0      2     14      9      7
 -7.679678E-01  1.410210E-01  1.048174E-03      1      0      2     14      9      7
 -1.720204E+00  3.742642E-01  6.480223E-04      1      0      2     14      9      7
 -6.741493E-01  1.699414E-01  5.941831E-03      1      0      2     14      9      7
 -1.055852E+00  1.226036E-01  2.570126E-04      1      0      2     14      9      7
 -7.392943E-01  1.731931E-01  3.547716E-04      1      0      2     14      9      7
 -7.524627E-01  5.858948E-02  2.491882E-04      1      0      2     14      9      7
 -8.102411E-01  9.315015E-02  4.732891E-04      1      0      2     14      9      7
 -1.046787E+00  2.839820E-01  9.043028E-05      1      0      2     14      9      7
 -6.067320E-01  1.058011E-03  3.741034E-04      1      0      2     14      9      7
 -7.468854E-01  7.596235E-02  1.499087E-03      1      0      2     14      9      7
 -1.058797E+00  2.729330E-01  9.553260E-05      1      0      2     14      9      7
 -7.009018E-01  1.167859E-01  3.451188E-04      1      0      2     14      9      7
 -8.750231E-01  1.250787E-01  1.734755E-05      1      0      2     14      9      7
 -5.472913E-01  2.536729E-02  5.100454E-03      1      0      2     14      9      7
 -4.074099E-01  2.861483E-02  7.377542E-04      1      0      2     14      9      7
 -4.844049E-01 -1.868547E-02  4.990072E-03      1      0      2     14      9      7
 -5.882194E-01  9.719940E-02  1.299686E-03      1      0      2     14      9      7
 -5.524831E-01  6.076726E-02  1.027374E-03      1      0      2     14      9      7
 -1.065939E+00  1.461065E-01  1.661843E-05      1      0      2     14      9      7
 -1.216032E+00  2.420029E-01  1.157767E-03      1      0      2     14      9      7
 -9.443244E-01  1.445057E-01  1.957245E-04      1      0      2     14      9      7
 -7.995273E-01 -1.369577E-01  3.060047E-04      1      0      2     14      9      7
 -1.677717E+00  3.180415E-01  2.265037E-04      1      0      2     14      9      7
 -8.507869E-01  2.153555E-01  3.984248E-03      1      0      2     14      9      7
 -1.183912E+00  2.476124E-01  1.000830E-03      1      0      2     14      9      7
 -6.829456E-01  7.346244E-02  3.573133E-03      1      0      2     14      9      7
 -1.279530E+00  3.553388E-01  2.780263E-03      1      0      2     14      9      7
 -8.092955E-01 -1.805304E-02  5.610687E-05      1      0      2     14      9      7
 -1.248001E+00  1.493311E-01  2.585594E-04      1      0      2     14      9      7
 -6.158064E-01  7.116355E-02  3.950458E-04      1      0      2     14      9      7
 -1.185591E+00  1.561516E-01  4.470828E-05      1      0      2     14      9      7
 -9.612321E-01  1.666427E-01  2.542192E-03      1      0      2     14      9      7
 -7.846744E-01  9.342639E-02  1.736520E-04      1      0      2     14      9      7
 -1.135323E+00  2.696501E-01  3.111784E-05      1      0      2     14      9      7
 -6.698490E-01 -3.399478E-02  2.821450E-05      1      0      2     14      9      7
 -1.277736E+00  2.249794E-01  2.444388E-04      1      0      2     14      9      7
 -9.616987E-01  1.389528E-01  7.992150E-04      1      0      2     14      9      7
 -6.003017E-01  8.476667E-02  4.574827E-04      1      0      2     14      9      7
 -1.315135E+00  2.630000E-01  5.179673E-04      1      0      2     14      9      7
 -6.926365E-01  4.513027E-03  2.270293E-04      1      0      2     14      9      7
 -5.461635E-01  8.153391E-02  1.043519E-03      1      0      2     14      9      7
 -1.772873E+00  3.311556E-01  1.377742E-04      1      0      2     14      9      7
 -5.757065E-01  5.107926E-02  5.588535E-04      1      0      2     14      9      7
 -6.498381E-01  4.741527E-02  7.732716E-04      1      0      2     14      9      7
 -1.134366E+00  2.358458E-01  8.208408E-05      1      0      2     14      9      7
 -7.555628E-01  2.211597E-01  1.232857E-03      1      0      2     14      9      7
 -7.069582E-01 -7.731693E-02  5.372653E-05      1      0      2     14      9      7
 -1.178501E+00  2.539234E-01  2.708666E-03      1      0      2     14      9      7
 -5.443982E-01  7.809433E-02  1.112789E-04      1      0      2     14      9      7
 -1.288909E+00  1.768231E-01  2.711106E-05      1      0      2     14      9      7
 -1.104628E+00  3.132214E-02  8.908617E-05      1      0      2     14      9      7
 -6.763197E-01  8.352127E-02  2.630986E-03      1      0      2     14      9      7
 -6.965855E-01  6.597645E-02  7.867877E-04      1      0      2     14      9      7
 -7.182049E-01  2.464969E-02  3.592919E-05      1      0      2     14      9      7
 -4.513705E-01 -4.545598E-02  2.707915E-03      1      0      2     14      9      7
 -2.136074E+00  4.301528E-01  5.057653E-03      1      0      2     14      9      7
 -3.932316E+00  2.627159E-01  9.804435E-04      1      0      2     14      9      7
 -7.062066E-01  9.210184E-02  3.346175E-04      1      0      2     14      9      7
 -1.083089E+00  1.725857E-01  2.336109E-04      1      0      2     14      9      7
 -1.314046E+00  2.563068E-01  3.775875E-04      1      0      2     14      9      7
 -5.570222E-01  1.426282E-01  3.966978E-03      1      0      2     14      9      7
 -5.749157E-01  5.083317E-02  1.182134E-04      1      0      2     14      9      7
 -1.024122E+00  2.233244E-01  3.898646E-05      1      0      2     14      9      7
 -1.153964E+00  2.869601E-01  5.123731E-04      1      0      2     14      9      7
 -9.677031E-01  1.890756E-01  5.905788E-03      1      0      2     14      9      7
 -1.122905E+00  1.078993E-01  1.506408E-04      1      0      2     14      9      7
 -9.088275E-01  9.003027E-02  6.135938E-04      1      0      2     14      9      7
 -8.059162E-01  1.629875E-01  4.598856E-03      1      0      2     14      9      7
 -1.110363E+00  1.679668E-01  2.097024E-04      1      0      2     14      9      7
 -1.144149E+00  1.424183E-01  3.667258E-05      1      0      2     14      9      7
 -7.316232E-01  1.092484E-01  6.410014E-04      1      0      2     14      9      7
 -8.820726E-01  1.323656E-01  1.345754E-04      1      0      2     14      9      7
 -4.596426E-01  1.099743E-01  6.961922E-04      1      0      2     14      9      7
 -7.671046E-01 -3.932882E-03  4.586466E-04      1      0      2     14      9      7
 -6.365434E-01  1.466423E-02  4.136305E-04      1      0      2     14      9      7
 -1.008846E+00  2.801805E-01  4.335667E-03      1      0      2     14      9      7
 -9.706524E-01  2.383975E-01  1.043594E-03      1      0      2     14      9      7
 -5.857211E-01  4.654900E-02  6.326290E-05      1      0      2     14      9      7
 -1.353088E+00  2.584448E-01  2.086624E-03      1      0      2     14      9      7
 -6.330674E-01  8.775404E-02  1.676373E-04      1      0      2     14      9      7
 -1.389506E+00  2.946562E-01  1.601208E-04      1      0      2     14      9      7
 -1.616122E+00  3.469975E-01  1.619981E-03      1      0      2     14      9      7
 -6.750821E-01  5.483243E-02  1.099010E-04      1      0      2     14      9      7
 -1.030933E+00  1.472049E-01  3.127965E-06      1      0      2     14      9      7
 -8.930262E-01  1.654398E-01  2.755747E-05      1      0      2     14      9      7
 -8.708397E-01  1.872236E-01  2.089140E-04      1      0      2     14      9      7
 -1.202237E+00  2.734755E-01  6.833519E-04      1      0      2     14      9      7
 -6.939913E-01  3.093124E-02  2.333443E-04      1      0      2     14      9      7
 -2.049124E+00  4.364601E-01  2.087901E-04      1      0      2     14      9      7
 -8.036714E-01  5.106070E-02  3.729395E-04      1      0      2     14      9      7
 -5.321331E-01  8.263300E-02  2.686740E-03      1      0      2     14      9      7
 -9.523428E-01  2.041071E-01  1.471228E-04      1      0      2     14      9      7
 -7.325411E-01 -1.101801E-02  4.148319E-05      1      0      2     14      9      7
 -1.015419E+00  2.225378E-01  3.593220E-04      1      0      2     14      9      7
 -1.688051E+00  3.375309E-01  4.410381E-04      1      0      2     14      9      7
 -1.777843E+00  3.583850E-01  1.096419E-04      1      0      2     14      9      7
 -5.330059E-01 -3.467204E-04  7.950100E-04      1      0      2     14      9      7
 -5.804539E-01  1.187714E-03  3.139829E-03      1      0      2     14      9      7
 -1.089504E+00  1.412150E-01  2.419534E-04      1      0      2     14      9      7
 -6.900198E-01  9.945691E-02  6.034567E-03      1      0      2     14      9      7
 -8.855291E-01  2.402297E-01  2.611124E-04      1      0      2     14      9      7
 -1.480202E+00  2.795025E-01  1.421820E-04      1      0      2     14      9      7
 -1.203440E+00  3.276798E-01  6.486230E-05      1      0      2     14      9      7
 -7.020582E-01  1.489556E-01  5.272784E-04      1      0      2     14      9      7
 -6.743995E-01 -3.579438E-02  4.497110E-04      1      0      2     14      9      7
 -8.333826E-01  1.749608E-01  1.299123E-03      1      0      2     14      9      7
 -8.319601E-01  2.021745E-01  1.545905E-03      1      0      2     14      9      7
 -9.411090E-01  9.373650E-02  1.911516E-04      1      0      2     14      9      7
 -7.803151E-01  1.075518E-01  4.867676E-04      1      0      2     14      9      7
 -5.889766E-01  2.042924E-02  4.721252E-04      1      0      2     14      9      7
 -1.099818E+00  1.394237E-01  2.351165E-04      1      0      2     14      9      7
 -9.253416E-01  1.367678E-01  2.933671E-04      1      0      2     14      9      7
 -1.121384E+00  3.083918E-01  6.669824E-04      1      0      2     14      9      7
 -1.628837E+00  3.387792E-01  6.175360E-04      1      0      2     14      9      7
 -9.022298E-01  2.596650E-01  4.538409E-04      1      0      2     14      9      7
 -7.396902E-01  9.925765E-02  2.946324E-04      1      0      2     14      9      7
 -3.244088E-01 -5.363019E-03  4.673194E-03      1      0      2     14      9      7
 -5.488799E-01  1.524260E-01  5.997398E-03      1      0      2     14      9      7
 -8.741893E-01  1.221134E-01  8.532419E-04      1      0      2     14      9      7
 -4.432702E-01  5.903643E-03  1.452756E-03      1      0      2     14      9      7
 -1.015766E+00  2.020907E-01  2.146358E-03      1      0      2     14      9      7
 -8.499432E-01  1.506196E-01  1.402784E-04      1      0      2     14      9      7
 -5.398619E-01  1.050454E-01  3.655169E-03      1      0      2     14      9      7
 -1.505997E+00  2.148680E-01  9.518344E-05      1      0      2     14      9      7
 -4.325566E-01  5.250282E-02  7.085069E-04      1      0      2     14      9      7
 -5.776253E-01  4.699666E-02  1.447237E-03      1      0      2     14      9      7
 -7.440533E-01  4.305732E-02  9.283689E-04      1      0      2     14      9      7
 -8.822538E-01  6.181332E-02  1.559796E-04      1      0      2     14      9      7
 -1.026092E+00  1.852950E-01  2.085198E-05      1      0      2     14      9      7
 -4.808027E-01  1.273071E-02  7.126744E-04      1      0      2     14      9      7
 -8.522828E-01  5.517626E-02  6.501623E-05      1      0      2     14      9      7
 -8.859440E-01  1.645770E-01  4.783201E-04      1      0      2     14      9      7
 -7.971572E-01  1.511388E-01  6.955164E-04      1      0      2     14      9      7
 -8.977680E-01  2.206954E-01  7.831458E-04      1      0      2     14      9      7
 -6.937104E-01  1.047843E-01  1.746431E-04      1      0      2     14      9      7
 -8.508914E-01  1.225504E-01  1.481703E-03      1      0      2     14      9      7
 -5.817992E-01  2.277354E-02  6.980319E-04      1      0      2     14      9      7
 -1.384087E+00  2.933243E-01  3.068720E-04      1      0      2     14      9      7
 -8.704813E-01  1.186139E-01  8.050720E-05      1      0      2     14      9      7
 -6.663726E-01 -1.586626E-02  2.708816E-03      1      0      2     14      9      7
 -1.133021E+00  2.174561E-01  1.804588E-04      1      0      2     14      9      7
 -1.077602E+00  2.140821E-01  1.249564E-04      1      0      2     14      9      7
 -9.222471E-01  1.811572E-01  3.837448E-04      1      0      2     14      9      7
 -8.998154E-01  1.412434E-01  3.401892E-04      1      0      2     14      9      7
 -9.840358E-01  1.791559E-01  9.427861E-05      1      0      2     14      9      7
 -8.927668E-01  1.470489E-01  2.051520E-05      1      0      2     14      9      7
 -8.918950E-01  1.352950E-01  2.053622E-04      1      0      2     14      9      7
 -5.056332E-01  7.068389E-03  1.831170E-03      1      0      2     14      9      7
 -4.753054E-01 -1.426019E-02  1.000793E-03      1      0      2     14      9      7
 -9.619597E-01  1.519800E-01  2.180373E-04      1      0      2     14      9      7
 -1.310995E+00  2.818420E-01  5.920431E-03      1      0      2     14      9      7
 -9.131230E-01  2.031174E-01  5.089941E-03      1      0      2     14      9      7
 -8.096603E-01  1.330213E-01  3.515465E-04      1      0      2     14      9      7
 -1.066105E+00  1.715786E-01  1.607516E-04      1      0      2     14      9      7
 -6.815572E-01  1.581549E-01  4.124666E-03      1      0      2     14      9      7
 -8.330517E-01  1.744173E-01  8.677717E-04      1      0      2     14      9      7
 -1.427080E+00  2.114021E-01  3.238347E-05      1      0      2     14      9      7
 -4.979818E-01  1.060259E-01  1.049038E-03      1      0      2     14      9      7
 -5.141751E-01  1.182849E-02  3.885506E-04      1      0      2     14      9      7
 -8.006241E-01  1.368056E-01  1.100061E-04      1      0      2     14      9      7
 -1.164083E+00  2.790918E-01  4.565441E-04      1      0      2     14      9      7
 -4.221428E-01  2.041451E-02  3.141894E-03      1      0      2     14      9      7
 -8.815503E-01 -1.800761E-02  3.178613E-05      1      0      2     14      9      7
 -7.403464E-01  7.676968E-02  1.315718E-03      1      0      2     14      9      7
 -1.884443E+00  3.676468E-01  4.708862E-05      1      0      2     14      9      7
 -8.616511E-01  2.087579E-01  9.540496E-05      1      0      2     14      9      7
 -9.366574E-01  1.720318E-01  1.759159E-04      1      0      2     14      9      7
 -8.173915E-01  1.956320E-01  1.884483E-03      1      0      2     14      9      7
 -7.243054E-01  7.745561E-02  1.155552E-03      1      0      2     14      9      7
 -6.271760E-01  9.397528E-02  3.210414E-03      1      0      2     14      9      7
 -9.269676E-01  2.120123E-01  3.553873E-04      1      0      2     14      9      7
 -1.018694E+00  1.839905E-01  1.864547E-03      1      0      2     14      9      7
 -1.009790E+00  2.097689E-01  2.917189E-04      1      0      2     14      9      7
 -1.403359E+00  2.020739E-01  4.090500E-04      1      0      2     14      9      7
 -9.986452E-01  1.867242E-01  3.596787E-04      1      0      2     14      9      7
 -2.304004E+00  3.570946E-01  2.135132E-04      1      0      2     14      9      7
 -7.364299E-01  1.269407E-01  8.925512E-04      1      0      2     14      9      7
 -8.581025E-01  6.783817E-02  3.902776E-04      1      0      2     14      9      7
 -7.999349E-01  1.196233E-01  1.925595E-03      1      0      2     14      9      7
 -6.538691E-01  9.177124E-02  1.200080E-03      1      0      2     14      9      7
 -1.028031E+00  3.503139E-02  1.721201E-05      1      0      2     14      9      7
 -3.846892E-01 -5.366158E-02  3.421640E-03      1      0      2     14      9      7
 -4.577676E-01  1.265081E-02  3.241388E-03      1      0      2     14      9      7
 -7.940537E-01 -2.223841E-02  9.671526E-05      1      0      2     14      9      7
 -5.318180E-01 -5.464912E-02  3.792019E-03      1      0      2     14      9      7
 -4.668872E-01  1.355763E-01  1.453883E-03      1      0      2     14      9      7
 -9.731294E-01  1.789931E-01  9.377927E-05      1      0      2     14      9      7
 -6.969931E-01  4.648631E-02  6.901475E-04      1      0      2     14      9      7
 -1.273103E+00  2.589567E-01  2.501531E-03      1      0      2     14      9      7
 -2.226917E+00  5.075278E-01  9.766515E-04      1      0      2     14      9      7
 -1.244955E+00  2.590827E-01  1.525068E-04      1      0      2     14      9      7
 -9.838905E-01  1.682418E-01  1.497735E-03      1      0      2     14      9      7
 -5.726993E-01  7.528804E-02  2.172752E-04      1      0      2     14      9      7
 -7.672823E-01  1.261576E-01  2.349663E-04      1      0      2     14      9      7
 -1.378643E+00  1.800583E-01  2.392314E-04      1      0      2     14      9      7
 -6.742076E-01  4.685633E-02  1.264169E-03      1      0      2     14      9      7
 -6.768498E-01  1.160937E-01  1.118233E-03      1      0      2     14      9      7
 -1.297759E+00  2.566001E-01  1.526231E-03      1      0      2     14      9      7
 -9.905923E-01  1.618288E-01  2.524847E-04      1      0      2     14      9      7
 -4.274340E-01 -4.605671E-02  5.937701E-03      1      0      2     14      9      7
 -9.199904E-01  1.161175E-01  6.306015E-04      1      0      2     14      9      7
 -1.125210E+00  1.500457E-01  3.268533E-04      1      0      2     14      9      7
 -5.479385E-01  1.331682E-01  1.321537E-03      1      0      2     14      9      7
 -8.618797E-01  1.708719E-01  4.168969E-04      1      0      2     14      9      7
 -4.686345E-01  4.356066E-02  3.525039E-03      1      0      2     14      9      7
 -1.649699E+00  3.567216E-01  2.291431E-03      1      0      2     14      9      7
 -7.944060E-01  1.652609E-01  1.061465E-04      1      0      2     14      9      7
 -7.650670E-01  6.933162E-02  4.570697E-04      1      0      2     14      9      7
 -1.088031E+00  2.007708E-01  1.033945E-03      1      0      2     14      9      7
 -1.768974E+00  3.416191E-01  3.271799E-05      1      0      2     14      9      7
 -7.336220E-01  1.446498E-01  4.573701E-04      1      0      2     14      9      7
 -9.655247E-01  1.337636E-01  2.967011E-03      1      0      2     14      9      7
 -1.269177E+00  2.482245E-01  3.979743E-05      1      0      2     14      9      7
 -6.447139E-01  5.642390E-02  1.883995E-04      1      0      2     14      9      7
 -9.449508E-01  1.145851E-01  4.054457E-05      1      0      2     14      9      7
 -9.375268E-01  1.692384E-01  5.313332E-04      1      0      2     14      9      7
 -6.041606E-01  1.316950E-01  5.647856E-03      1      0      2     14      9      7
 -1.640810E+00  3.387634E-01  3.634031E-04      1      0      2     14      9      7
 -6.494514E-01 -2.377277E-02  2.012886E-04      1      0      2     14      9      7
 -1.274729E+00  3.065911E-01  2.907653E-03      1      0      2     14      9      7
 -1.059224E+00  1.164024E-01  1.244834E-04      1      0      2     14      9      7
 -1.376830E+00  3.130001E-01  6.958919E-04      1      0      2     14      9      7
 -8.507566E-01  2.686941E-02  1.892030E-05      1      0      2     14      9      7
 -6.774983E-01  1.464646E-01  7.534104E-04      1      0      2     14      9      7
 -6.150365E-01  3.586247E-02  7.391809E-04      1      0      2     14      9      7
 -8.684976E-01  2.110111E-01  7.062167E-04      1      0      2     14      9      7
 -8.240886E-01  1.785542E-01  6.038697E-03      1      0      2     14      9      7
 -5.960220E-01  7.465785E-02  1.462255E-03      1      0      2     14      9      7
 -4.105856E-01 -3.628364E-02  3.318392E-03      1      0      2     14      9      7
 -1.028135E+00  2.138013E-01  2.857268E-03      1      0      2     14      9      7
 -8.665729E-01  2.457918E-02  1.802673E-04      1      0      2     14      9      7
 -8.636624E-01  1.141162E-01  6.540670E-04      1      0      2     14      9      7
 -1.069289E+00  2.773665E-01  1.921352E-04      1      0      2     14      9      7
 -9.604224E-01  1.817249E-01  5.291932E-04      1      0      2     14      9      7
 -4.317850E-01  1.195570E-01  1.728447E-03      1      0      2     14      9      7
 -4.014680E+00  2.932208E-01  6.114162E-04      1      0      2     14      9      7
 -3.200040E-01 -6.829180E-02  4.200131E-03      1      0      2     14      9      7
 -7.469714E-01  3.382361E-02  8.811376E-04      1      0      2     14      9      7
 -1.474307E+00  1.831018E-01  1.689176E-05      1      0      2     14      9      7
 -5.239243E-01  1.188334E-01  8.805369E-04      1      0      2     14      9      7
 -7.534605E-01  1.309756E-01  2.063159E-04      1      0      2     14      9      7
 -6.642510E-01  1.104484E-01  6.509508E-04      1      0      2     14      9      7
 -8.878900E-01  1.176391E-01  4.119034E-05      1      0      2     14      9      7
 -1.774481E+00  3.214236E-01  3.770619E-04      1      0      2     14      9      7
 -7.206369E-01  6.370156E-02  2.488503E-04      1      0      2     14      9      7
 -1.028795E+00  1.806622E-01  4.158081E-04      1      0      2     14      9      7
 -1.005913E+00  1.762396E-01  4.404374E-05      1      0      2     14      9      7
 -7.813413E-01  1.695738E-01  5.687653E-03      1      0      2     14      9      7
 -8.454571E-01  1.564241E-01  2.211911E-04      1      0      2     14      9      7
 -8.579127E-01  1.733876E-01  2.390023E-04      1      0      2     14      9      7
 -4.891819E-01  4.565853E-02  3.682351E-04      1      0      2     14      9      7
 -9.410600E-01  1.787358E-01  2.972117E-03      1      0      2     14      9      7
 -9.117940E-01  5.081115E-02  2.615217E-04      1      0      2     14      9      7
 -1.318176E+00  9.121789E-02  5.250633E-06      1      0      2     14      9      7
 -7.776150E-01  1.232931E-01  2.137910E-04      1      0      2     14      9      7
 -6.466954E-01 -6.080514E-02  4.010154E-04      1      0      2     14      9      7
 -5.275067E-01  8.280706E-03  1.566292E-04      1      0      2     14      9      7
 -8.247312E-01  7.004630E-02  1.407365E-04      1      0      2     14      9      7
 -8.774034E-01  1.434536E-01  8.938653E-04      1      0      2     14      9      7
 -6.241415E-01  5.038286E-02  5.032873E-04      1      0      2     14      9      7
 -5.462730E-01  2.957211E-02  3.714227E-05      1      0      2     14      9      7
 -1.303267E+00  2.325863E-01  4.824875E-04      1      0      2     14      9      7
 -1.113053E+00  2.158945E-01  5.529214E-05      1      0      2     14      9      7
 -7.597862E-01  1.654200E-01  2.169899E-04      1      0      2     14      9      7
 -7.229936E-01  1.877731E-01  9.122622E-04      1      0      2     14      9      7
 -1.251877E+00  2.045775E-01  4.777569E-04      1      0      2     14      9      7
 -7.046811E-01  1.939258E-01  2.131791E-03      1      0      2     14      9      7
 -8.500562E-01  1.310286E-01  1.753903E-04      1      0      2     14      9      7
 -9.082011E-01  1.244452E-01  5.173666E-04      1      0      2     14      9      7
 -1.057928E+00  2.853455E-01  2.131490E-04      1      0      2     14      9      7
 -7.710954E-01  2.223162E-01  2.809473E-03      1      0      2     14      9      7
 -1.326556E+00  2.488996E-01  2.025577E-04      1      0      2     14      9      7
 -1.213859E+00  2.351210E-01  1.025910E-05      1      0      2     14      9      7
 -7.217843E-01  1.677824E-01  2.096311E-03      1      0      2     14      9      7
 -9.731024E-01  2.251533E-01  2.189159E-05      1      0      2     14      9      7
 -9.292392E-01  6.455075E-02  3.288995E-04      1      0      2     14      9      7
 -1.120197E+00  5.760044E-02  8.548938E-06      1      0      2     14      9      7
 -9.871133E-01  1.913169E-01  7.725207E-05      1      0      2     14      9      7
 -1.036601E+00  9.237681E-02  1.563138E-05      1      0      2     14      9      7
 -4.609381E-01  1.292679E-02  1.354239E-03      1      0      2     14      9      7
 -7.650838E-01  3.623121E-02  1.393811E-04      1      0      2     14      9      7
 -8.585720E-01  1.968894E-01  1.221180E-04      1      0      2     14      9      7
 -8.170519E-01  1.391125E-01  5.888518E-04      1      0      2     14      9      7
 -6.816884E-01  1.288647E-01  5.329477E-03      1      0      2     14      9      7
 -1.817740E+00  3.777963E-01  3.856596E-04      1      0      2     14      9      7
 -7.802475E-01  9.798127E-02  2.359387E-03      1      0      2     14      9      7
 -8.882285E-01  1.497836E-01  1.058950E-03      1      0      2     14      9      7
 -1.362755E+00  3.424255E-01  7.448127E-05      1      0      2     14      9      7
 -8.147672E-01  1.429273E-01  4.025923E-04      1      0      2     14      9      7
 -5.426174E-01  2.492623E-02  5.878005E-04      1      0      2     14      9      7
 -9.937924E-01  1.119919E-01  2.984995E-05      1      0      2     14      9      7
 -1.226722E+00  2.923089E-01  3.125713E-03      1      0      2     14      9      7
 -5.421022E-01  5.746327E-02  2.931757E-03      1      0      2     14      9      7
 -1.172818E+00  2.415037E-01  1.148156E-04      1      0      2     14      9      7
 -7.738264E-01 -3.201013E-02  5.597546E-04      1      0      2     14      9      7
 -1.027067E+00  9.591591E-02  3.870863E-05      1      0      2     14      9      7
 -7.398153E-01  8.298105E-02  2.886102E-04      1      0      2     14      9      7
 -1.432125E+00  3.015476E-01  6.411516E-04      1      0      2     14      9      7
 -4.329855E-01  2.911473E-02  1.976468E-03      1      0      2     14      9      7
 -8.965716E-01  1.887242E-01  4.901091E-04      1      0      2     14      9      7
 -1.245459E+00  2.758060E-01  2.418407E-04      1      0      2     14      9      7
 -8.879523E-01  8.653424E-02  5.933947E-04      1      0      2     14      9      7
 -6.109039E-01  7.145312E-02  3.837448E-04      1      0      2     14      9      7
 -8.911847E-01  1.132753E-01  1.891880E-05      1      0      2     14      9      7
 -7.021102E-01 -4.640641E-02  5.537099E-04      1      0      2     14      9      7
 -9.940271E-01  1.426994E-01  5.123356E-05      1      0      2     14      9      7
 -8.446900E-01  8.178302E-02  1.230154E-04      1      0      2     14      9      7
 -1.284820E+00  3.331968E-01  3.120494E-05      1      0      2     14      9      7
 -5.731627E-01  9.146734E-02  1.803912E-03      1      0      2     14      9      7
 -1.364595E+00  2.780335E-01  8.136697E-05      1      0      2     14      9      7
 -9.075002E-01  1.409423E-01  1.788031E-04      1      0      2     14      9      7
 -1.024371E+00  1.552487E-01  1.555028E-04      1      0      2     14      9      7
 -1.682357E+00  3.385250E-01  2.160888E-04      1      0      2     14      9      7
 -8.530474E-01  2.336938E-02  5.736837E-04      1      0      2     14      9      7
 -1.277232E+00  2.633881E-01  1.889289E-04      1      0      2     14      9      7
 -9.858120E-01 -2.847910E-02  1.970273E-05      1      0      2     14      9      7
 -5.291282E-01  1.325369E-01  3.141256E-03      1      0      2     14      9      7
 -8.011543E-01  7.657371E-02  1.341812E-04      1      0      2     14      9      7
 -4.486598E-01 -5.624363E-02  2.222649E-03      1      0      2     14      9      7
 -7.553560E-01  1.847982E-01  6.250825E-04      1      0      2     14      9      7
 -7.434928E-01  9.429067E-03  2.046264E-03      1      0      2     14      9      7
 -7.337921E-01  5.004219E-02  4.537282E-04      1      0      2     14      9      7
 -7.301236E-01  1.182318E-01  3.648936E-03      1      0      2     14      9      7
 -5.763581E-01  5.598580E-02  5.175919E-04      1      0      2     14      9      7
 -4.022349E-01  6.438355E-02  2.269542E-03      1      0      2     14      9      7
 -8.166381E-01 -4.643192E-04  4.083366E-05      1      0      2     14      9      7
 -7.121125E-01  3.186885E-02  6.187374E-04      1      0      2     14      9      7
 -1.860456E+00  2.424473E-01  6.490736E-04      1      0      2     14      9      7
 -9.512172E-01  1.752990E-01  2.644352E-04      1      0      2     14      9      7
 -4.835877E-01  3.600750E-02  2.219533E-04      1      0      2     14      9      7
 -5.954192E-01 -1.099125E-01  4.625513E-04      1      0      2     14      9      7
 -1.039449E+00  2.234633E-01  2.606056E-04      1      0      2     14      9      7
 -1.415930E+00  2.943955E-01  1.445360E-04      1      0      2     14      9      7
 -5.735663E-01  6.266895E-02  5.286300E-04      1      0      2     14      9      7
 -9.206929E-01  1.326486E-01  8.820011E-05      1      0      2     14      9      7
 -7.244034E-01  1.390107E-01  3.151468E-03      1      0      2     14      9      7
 -9.448194E-01  1.608452E-01  2.093232E-05      1      0      2     14      9      7
 -1.450564E+00  3.295845E-01  1.226136E-03      1      0      2     14      9      7
 -5.395592E-01  5.242599E-02  7.051279E-04      1      0      2     14      9      7
 -7.297985E-01  1.515817E-01  2.373354E-03      1      0      2     14      9      7
 -9.891160E-01  1.358070E-01  3.807037E-04      1      0      2     14      9      7
 -1.327819E+00  3.614322E-01  1.104379E-04      1      0      2     14      9      7
 -5.876305E-01  1.412835E-01  1.874872E-03      1      0      2     14      9      7
 -1.144272E+00  2.142862E-01  4.033432E-05      1      0      2     14      9      7
 -8.503667E-01  1.566890E-01  4.060089E-04      1      0      2     14      9      7
 -1.466491E+00  3.123432E-01  2.979025E-04      1      0      2     14      9      7
 -6.405091E-01  3.662839E-02  6.241063E-04      1      0      2     14      9      7
 -1.564188E+00  3.191253E-01  3.597462E-04      1      0      2     14      9      7
 -9.087183E-01  1.139222E-01  4.980686E-05      1      0      2     14      9      7
 -1.387311E+00  1.688862E-01  3.120870E-04      1      0      2     14      9      7
 -8.037093E-01  7.803226E-02  1.312339E-04      1      0      2     14      9      7
 -1.013661E+00  2.179159E-01  3.889636E-05      1      0      2     14      9      7
 -7.525423E-01  9.132311E-02  3.654568E-04      1      0      2     14      9      7
 -1.005697E+00  1.531663E-01  2.016153E-04      1      0      2     14      9      7
 -1.087668E+00  1.456372E-01  3.124812E-05      1      0      2     14      9      7
 -7.122591E-01  3.486243E-02  3.355224E-03      1      0      2     14      9      7
 -9.544768E-01  9.712345E-02  1.143313E-04      1      0      2     14      9      7
 -8.370701E-01  1.436942E-01  7.242006E-04      1      0      2     14      9      7
 -6.350990E-01  6.204369E-02  1.166853E-03      1      0      2     14      9      7
 -6.608886E-01  8.373501E-02  9.682039E-04      1      0      2     14      9      7
 -1.868035E+00  3.915074E-01  1.239652E-03      1      0      2     14      9      7
 -5.881688E-01  1.796753E-01  1.311888E-03      1      0      2     14      9      7
 -1.035866E+00  2.949231E-03  1.109560E-04      1      0      2     14      9      7
 -1.388787E+00  2.852098E-01  1.730250E-04      1      0      2     14      9      7
 -7.129347E-01  1.405131E-02  5.731205E-04      1      0      2     14      9      7
 -5.540871E-01  1.209776E-01  5.837457E-03      1      0      2     14      9      7
 -5.055865E-01  5.978308E-02  5.120352E-04      1      0      2     14      9      7
 -6.809840E-01  5.995865E-02  3.430839E-04      1      0      2     14      9      7
 -7.079433E-01  1.279078E-01  7.385051E-04      1      0      2     14      9      7
 -8.077799E-01  1.386288E-01  4.868052E-04      1      0      2     14      9      7
 -7.232791E-01  1.250584E-01  6.502374E-04      1      0      2     14      9      7
 -7.728009E-01  7.727558E-02  1.691165E-04      1      0      2     14      9      7
 -8.428976E-01  2.453265E-02  9.615209E-04      1      0      2     14      9      7
 -1.544222E+00  3.154867E-01  2.800049E-05      1      0      2     14      9      7
 -1.393541E+00  3.037061E-01  1.252718E-05      1      0      2     14      9      7
 -1.227940E+00  2.648712E-01  5.786021E-05      1      0      2     14      9      7
 -5.023930E-01 -9.153478E-02  1.739561E-03      1      0      2     14      9      7
 -1.112765E+00  1.763131E-01  3.018072E-05      1      0      2     14      9      7
 -1.115778E+00  1.065068E-01  1.281740E-04      1      0      2     14      9      7
 -1.955547E+00  4.019919E-01  2.511368E-04      1      0      2     14      9      7
 -8.721126E-01  1.931970E-01  4.032681E-04      1      0      2     14      9      7
 -8.705484E-01  1.933290E-01  6.486606E-04      1      0      2     14      9      7
 -9.172257E-01  4.363770E-02  3.692901E-04      1      0      2     14      9      7
 -1.273917E+00  2.192324E-01  1.000567E-04      1      0      2     14      9      7
 -6.271971E-01  6.180003E-02  7.027625E-04      1      0      2     14      9      7
 -6.473214E-01  5.450752E-03  5.727826E-04      1      0      2     14      9      7
 -1.218789E+00  2.319157E-01  3.515089E-04      1      0      2     14      9      7
 -1.338896E+00  2.597715E-01  6.558316E-04      1      0      2     14      9      7
 -7.674161E-01  1.077936E-01  1.201432E-03      1      0      2     14      9      7
 -1.165414E+00  2.994222E-01  2.427756E-03      1      0      2     14      9      7
 -1.409543E+00  3.258399E-01  6.308268E-04      1      0      2     14      9      7
 -2.084499E+00  3.598068E-01  2.375644E-04      1      0      2     14      9      7
 -6.575362E-01  1.514031E-01  3.227684E-03      1      0      2     14      9      7
 -9.282203E-01  2.139229E-01  5.683899E-03      1      0      2     14      9      7
 -8.044968E-01  1.471031E-01  1.826402E-03      1      0      2     14      9      7
 -1.305735E+00  2.930270E-01  4.892456E-04      1      0      2     14      9      7
 -6.947027E-01  1.011759E-01  1.133138E-03      1      0      2     14      9      7
 -9.383831E-01  1.416281E-01  4.123539E-04      1      0      2     14      9      7
 -4.799367E-01  1.106125E-01  5.880258E-03      1      0      2     14      9      7
 -1.466578E+00  1.972248E-01  1.234959E-04      1      0      2     14      9      7
 -8.804309E-01  1.832467E-01  3.257044E-03      1      0      2     14      9      7
 -6.161786E-01  8.788991E-03  3.550757E-03      1      0      2     14      9      7
 -9.082434E-01  1.637813E-01  1.853472E-04      1      0      2     14      9      7
 -1.007743E+00  1.753946E-01  3.047394E-05      1      0      2     14      9      7
 -6.714024E-01  4.263992E-02  3.743774E-05      1      0      2     14      9      7
 -8.596901E-01  9.040316E-02  1.853171E-04      1      0      2     14      9      7
 -1.471200E+00  2.657166E-01  7.915934E-04      1      0      2     14      9      7
 -9.022104E-01  4.325951E-02  2.148235E-04      1      0      2     14      9      7
 -5.435177E-01  3.233301E-02  5.317087E-04      1      0      2     14      9      7
 -9.656186E-01  1.680252E-01  1.011042E-03      1      0      2     14      9      7
 -1.143951E+00  2.211189E-01  9.417348E-04      1      0      2     14      9      7
 -8.616997E-01 -1.118335E-02  3.111408E-04      1      0      2     14      9      7
 -1.090982E+00  1.932890E-01  8.682222E-04      1      0      2     14      9      7
 -1.118702E+00  1.895623E-01  6.572583E-04      1      0      2     14      9      7
 -7.708797E-01  1.381127E-01  5.106085E-04      1      0      2     14      9      7
 -7.495990E-01  1.224095E-01  2.649796E-04      1      0      2     14      9      7
 -7.661283E-01  5.246580E-02  2.712157E-04      1      0      2     14      9      7
 -1.072456E+00  1.620908E-01  2.670858E-04      1      0      2     14      9      7
 -9.898686E-01  2.368544E-01  1.292102E-04      1      0      2     14      9      7
 -1.066456E+00  1.545322E-01  7.799921E-05      1      0      2     14      9      7
 -6.836584E-01  1.408214E-01  7.371535E-04      1      0      2     14      9      7
 -1.038475E+00  1.570002E-01  1.130172E-04      1      0      2     14      9      7
 -1.242467E+00  1.637001E-01  1.232857E-04      1      0      2     14      9      7
 -5.237211E-01 -3.323937E-02  1.086845E-03      1      0      2     14      9      7
 -4.242625E-01  2.685750E-02  3.360743E-03      1      0      2     14      9      7
 -9.759281E-01  2.581429E-01  1.319886E-03      1      0      2     14      9      7
 -8.950013E-01  1.693968E-01  5.516074E-04      1      0      2     14      9      7
 -4.513705E-01 -4.545598E-02  2.707915E-03      1      0      2     14      9      7
 -4.313394E-01  6.951930E-02  1.221068E-03      1      0      2     14      9      7
 -4.375449E-01  1.154970E-01  2.018443E-03      1      0      2     14      9      7
 -5.889341E-01  1.713207E-01  5.969990E-03      1      0      2     14      9      7
 -5.438801E-01  2.740224E-02  2.496350E-03      1      0      2     14      9      7
 -1.439714E+00  2.269852E-01  9.434619E-05      1      0      2     14      9      7
 -1.889156E+00  3.434207E-01  2.143918E-03      1      0      2     14      9      7
 -1.053661E+00  1.995639E-01  1.064581E-04      1      0      2     14      9      7
 -6.441019E-01  2.042644E-01  1.766818E-03      1      0      2     14      9      7
 -9.772203E-01  1.561390E-01  1.998469E-04      1      0      2     14      9      7
 -1.417868E+00  2.593521E-01  2.108813E-03      1      0      2     14      9      7
 -1.019090E+00  2.434239E-01  4.527521E-04      1      0      2     14      9      7
 -7.217155E-01  1.488185E-01  3.823181E-03      1      0      2     14      9      7
 -1.271359E+00  2.751485E-01  2.794606E-04      1      0      2     14      9      7
 -9.173501E-01  1.121113E-01  5.367021E-03      1      0      2     14      9      7
 -6.368912E-01  1.146972E-01  1.682605E-03      1      0      2     14      9      7
 -7.408186E-01 -1.829320E-04  2.037253E-03      1      0      2     14      9      7
 -1.362347E+00  7.756506E-02  5.226604E-05      1      1      2     14      7      1
 -1.400918E+00  1.303763E-01  1.505094E-05      1      1      2     14      7      1
 -1.301492E+00 -4.257660E-02  4.220780E-05      1      1      2     14      7      1
 -1.422716E+00  2.558490E-01  3.523612E-06      1      1      2     14      7      1
 -1.288266E+00  5.764479E-02  1.944668E-05      1      1      2     14      7      1
 -1.403928E+00  9.539613E-02  2.054073E-06      1      1      2     14      7      1
 -1.229577E+00  5.391248E-02  4.410006E-05      1      1      2     14      7      1
 -1.457627E+00  1.439266E-01  4.287235E-06      1      1      2     14      7      1
 -1.670341E+00  3.769009E-01  7.676023E-05      1      1      2     14      7      1
 -1.710752E+00  3.395106E-01  4.377717E-05      1      1      2     14      7      1
 -1.834938E+00  4.808640E-01  1.881818E-05      1      1      2     14      7      1
 -4.001958E+00  1.576636E-01  5.787147E-05      1      1      2     14      7      1
 -1.322175E+00  1.686115E-01  5.053898E-06      1      1      2     14      7      1
 -1.284787E+00 -2.115123E-02  5.535222E-06      1      1      2     14      7      1
 -1.389881E+00  7.472002E-02  2.289929E-05      1      1      2     14      7      1
 -1.552581E+00  1.736358E-01  2.167158E-05      1      1      2     14      7      1
 -1.329264E+00  2.060460E-01  1.817241E-05      1      1      2     14      7      1
 -1.651998E+00  2.482959E-01  7.888902E-06      1      1      2     14      7      1
 -1.634684E+00  3.184348E-01  8.437806E-05      1      1      2     14      7      1
 -1.935342E+00  4.382569E-01  1.241867E-05      1      1      2     14      7      1
 -1.422038E+00  2.989354E-01  9.372670E-06      1      1      2     14      7      1
 -1.484126E+00  2.465639E-01  4.933755E-06      1      1      2     14      7      1
 -1.439552E+00 -2.073623E-01  5.890020E-06      1      1      2     14      7      1
 -1.358300E+00  1.009200E-01  5.433100E-06      1      1      2     14      7      1
 -1.471236E+00  2.570856E-01  1.510913E-06      1      1      2     14      7      1
 -1.387544E+00  2.759286E-01  5.224727E-05      1      1      2     14      7      1
 -1.262072E+00  1.018642E-01  1.986718E-05      1      1      2     14      7      1
 -1.389944E+00 -9.591177E-03  5.582903E-06      1      1      2     14      7      1
