 -1.074259E+00  1.878831E-01  6.907883E-06      1      0      2     14      9      7
 -8.343725E-01  2.190475E-01  1.001224E-03      1      0      2     14      9      7
 -6.311243E-01  1.198395E-01  4.318715E-05      1      0      2     14      9      7
 -5.708887E-01  8.424076E-02  3.826837E-03      1      0      2     14      9      7
 -1.131778E+00  2.715662E-01  7.789584E-04      1      0      2     14      9      7
 -1.402656E+00  1.581240E-01  2.530167E-04      1      0      2     14      9      7
 -7.762651E-01  1.316231E-01  4.093874E-03      1      0      2     14      9      7
 -6.576368E-01 -1.803203E-02  1.588852E-04      1      0      2     14      9      7
 -7.512576E-01  1.915133E-01  1.946783E-03      1      0      2     14      9      7
 -1.323927E+00  2.813935E-01  4.655547E-04      1      0      2     14      9      7
 -5.997996E-01  1.018489E-01  3.705891E-03      1      0      2     14      9      7
 -5.133832E-01  9.250688E-02  1.066492E-03      1      0      2     14      9      7
 -5.594197E-01  8.309676E-02  6.942106E-04      1      0      2     14      9      7
 -1.282183E+00  1.916150E-01  7.762844E-05      1      0      2     14      9      7
 -8.853109E-01  5.950128E-02  5.557242E-05      1      0      2     14      9      7
 -4.685805E-01  8.343402E-02  1.193510E-03      1      0      2     14      9      7
 -9.245896E-01  1.914686E-01  3.394695E-04      1      0      2     14      9      7
 -5.145938E-01  1.310086E-01  7.368728E-04      1      0      2     14      9      7
 -7.619981E-01  8.799959E-02  4.051065E-04      1      0      2     14      9      7
 -1.116777E+00  2.094377E-01  2.135684E-04      1      0      2     14      9      7
 -1.416290E+00  2.336095E-01  2.489689E-05      1      0      2     14      9      7
 -1.192608E+00  1.653927E-01  2.975802E-03      1      0      2     14      9      7
 -6.442926E-01  1.300485E-01  1.315191E-04      1      0      2     14      9      7
 -8.386174E-01  1.662545E-01  4.258242E-04      1      0      2     14      9      7
 -9.987189E-01  7.933850E-02  4.180106E-05      1      0      2     14      9      7
 -1.840100E+00  3.539230E-01  3.216344E-04      1      0      2     14      9      7
 -5.175246E-01  1.192390E-01  3.091718E-03      1      0      2     14      9      7
 -1.138731E+00  3.034811E-01  7.716355E-05      1      0      2     14      9      7
 -7.857106E-01  5.274056E-03  1.606025E-04      1      0      2     14      9      7
 -8.394380E-01  1.520528E-01  1.924090E-04      1      0      2     14      9      7
 -9.447879E-01 -1.346403E-02  4.412307E-05      1      0      2     14      9      7
 -4.384286E-01  5.649145E-02  1.584314E-03      1      0      2     14      9      7
 -6.099413E-01  9.880803E-02  4.546255E-03      1      0      2     14      9      7
 -1.038940E+00  1.349814E-01  1.575359E-03      1      0      2     14      9      7
 -1.014342E+00  6.861386E-02  1.090571E-04      1      0      2     14      9      7
 -6.941810E-01 -3.900183E-03  3.971088E-04      1      0      2     14      9      7
 -1.103811E+00  1.380801E-01  1.087480E-04      1      0      2     14      9      7
 -9.615740E-01  1.509111E-01  1.912805E-03      1      0      2     14      9      7
 -1.491239E+00  4.537352E-01  3.814203E-05      1      0      2     14      9      7
 -5.739570E-01  7.915613E-02  5.785518E-05      1      0      2     14      9      7
 -1.020331E+00  1.793496E-01  1.587258E-04      1      0      2     14      9      7
 -9.562410E-01  2.005152E-01  1.482749E-04      1      0      2     14      9      7
 -2.048449E+00  4.055218E-01  1.556347E-03      1      0      2     14      9      7
 -1.252340E+00  2.358849E-01  2.881597E-04      1      0      2     14      9      7
 -7.769643E-01  1.103921E-01  5.118355E-05      1      0      2     14      9      7
 -1.108036E+00  1.284405E-01  8.747949E-06      1      0      2     14      9      7
 -1.064531E+00  1.850309E-01  8.982726E-04      1      0      2     14      9      7
 -7.584195E-01  2.404207E-02  1.789161E-04      1      0      2     14      9      7
 -1.454548E+00  2.099927E-01  1.546166E-04      1      0      2     14      9      7
 -1.374210E+00  1.893994E-01  2.054113E-05      1      0      2     14      9      7
 -9.042395E-01 -1.322458E-02  1.608356E-05      1      0      2     14      9      7
 -1.042249E+00  1.419550E-01  1.132890E-04      1      0      2     14      9      7
 -4.603708E-01  3.066265E-02  1.032907E-03      1      0      2     14      9      7
 -4.011622E-01  1.139843E-01  6.096714E-04      1      0      2     14      9      7
 -1.927758E+00  3.581194E-01  2.393276E-05      1      0      2     14      9      7
 -8.630831E-01  9.030998E-02  1.243679E-05      1      0      2     14      9      7
 -4.367917E-01 -7.637930E-03  2.291711E-03      1      0      2     14      9      7
 -1.062668E+00  1.877027E-01  1.330156E-05      1      0      2     14      9      7
 -7.913277E-01  1.024958E-01  8.879076E-04      1      0      2     14      9      7
 -6.466183E-01  2.198039E-01  2.974330E-04      1      0      2     14      9      7
 -4.544671E-01 -2.386803E-02  7.025762E-04      1      0      2     14      9      7
 -2.088484E+00  3.358005E-01  1.559781E-05      1      0      2     14      9      7
 -9.248158E-01  4.411537E-02  1.211762E-04      1      0      2     14      9      7
 -1.063109E+00  2.689576E-01  3.331892E-04      1      0      2     14      9      7
 -1.176086E+00  1.821805E-01  1.002512E-04      1      0      2     14      9      7
 -9.518707E-01  4.413378E-02  7.144868E-06      1      0      2     14      9      7
 -5.962215E-01  8.979879E-02  7.584492E-04      1      0      2     14      9      7
 -1.233223E+00  2.454167E-01  5.591833E-04      1      0      2     14      9      7
 -8.022684E-01  1.849352E-01  1.157422E-03      1      0      2     14      9      7
 -1.007748E+00  1.260716E-01  3.504233E-05      1      0      2     14      9      7
 -8.171993E-01  2.226830E-01  6.296163E-04      1      0      2     14      9      7
 -4.582434E-01  1.002388E-01  2.341757E-03      1      0      2     14      9      7
 -1.068748E+00  1.690369E-01  4.434631E-05      1      0      2     14      9      7
 -1.604072E+00  3.011377E-01  1.528380E-04      1      0      2     14      9      7
 -5.907496E-01  8.397447E-02  4.392558E-03      1      0      2     14      9      7
 -7.592338E-01  1.216800E-01  9.832903E-05      1      0      2     14      9      7
 -1.531783E+00  3.738660E-01  1.687719E-04      1      0      2     14      9      7
 -1.105278E+00  1.985623E-01  9.459885E-05      1      0      2     14      9      7
 -7.050587E-01  1.209277E-01  2.389964E-03      1      0      2     14      9      7
 -4.546795E-01  1.240814E-01  2.685091E-03      1      0      2     14      9      7
 -8.322730E-01  6.914461E-02  2.691714E-04      1      0      2     14      9      7
 -9.113936E-01  1.662245E-01  7.832516E-05      1      0      2     14      9      7
 -8.609799E-01 -3.849775E-02  3.545448E-05      1      0      2     14      9      7
 -1.045381E+00  2.704376E-01  3.884120E-03      1      0      2     14      9      7
 -1.010435E+00  1.683405E-01  2.541085E-05      1      0      2     14      9      7
 -1.247974E+00  2.007965E-01  6.940512E-04      1      0      2     14      9      7
 -9.902952E-01  2.058602E-02  1.683057E-04      1      0      2     14      9      7
 -6.297671E-01  1.227467E-01  7.743708E-04      1      0      2     14      9      7
 -1.082457E+00  2.411254E-01  3.348084E-03      1      0      2     14      9      7
 -7.072299E-01  5.517731E-02  2.230379E-04      1      0      2     14      9      7
 -1.184157E+00  2.046860E-01  3.990101E-03      1      0      2     14      9      7
 -1.129549E+00  2.123884E-01  4.380292E-03      1      0      2     14      9      7
 -6.657749E-01  3.807150E-02  2.615050E-04      1      0      2     14      9      7
 -8.617749E-01  2.231612E-01  2.277237E-04      1      0      2     14      9      7
 -7.989997E-01  1.538354E-01  2.569297E-03      1      0      2     14      9      7
 -1.265419E+00  2.561112E-01  4.563673E-03      1      0      2     14      9      7
 -9.051113E-01  9.303584E-02  8.679135E-05      1      0      2     14      9      7
 -9.199369E-01 -2.534911E-02  3.607393E-05      1      0      2     14      9      7
 -8.494303E-01  1.277633E-01  3.968513E-05      1      0      2     14      9      7
 -1.789419E+00  3.881252E-01  1.129688E-04      1      0      2     14      9      7
 -4.779326E-01  5.607787E-02  5.434579E-04      1      0      2     14      9      7
 -4.440699E-01  7.778431E-02  4.520495E-03      1      0      2     14      9      7
 -9.949930E-01  2.044588E-01  2.385425E-03      1      0      2     14      9      7
 -7.072971E-01 -2.560401E-02  1.397376E-05      1      0      2     14      9      7
 -9.541334E-01  1.582164E-01  1.465208E-05      1      0      2     14      9      7
 -7.781371E-01  3.806158E-02  1.235951E-04      1      0      2     14      9      7
 -6.892156E-01  1.711681E-01  1.979166E-04      1      0      2     14      9      7
 -6.049532E-01  4.911723E-02  1.413076E-04      1      0      2     14      9      7
 -1.943148E+00  4.789855E-01  1.928015E-05      1      0      2     14      9      7
 -8.205183E-01 -3.220637E-02  1.065008E-04      1      0      2     14      9      7
 -3.675578E-01  1.577731E-01  2.051291E-03      1      0      2     14      9      7
 -2.094928E+00  2.978258E-01  2.702141E-03      1      0      2     14      9      7
 -8.184060E-01  1.061526E-01  4.252354E-04      1      0      2     14      9      7
 -2.005312E+00  2.400101E-01  4.105404E-04      1      0      2     14      9      7
 -9.374906E-01  9.770527E-02  2.629892E-05      1      0      2     14      9      7
 -8.670789E-01  1.555057E-01  1.373702E-03      1      0      2     14      9      7
 -6.328907E-01  1.921763E-01  3.781329E-03      1      0      2     14      9      7
 -7.715146E-01  1.730166E-01  4.163914E-03      1      0      2     14      9      7
 -8.749426E-01 -1.946020E-02  1.494402E-05      1      0      2     14      9      7
 -5.755019E-01  2.246750E-01  1.962852E-04      1      0      2     14      9      7
 -1.361833E+00  2.531670E-01  7.511630E-05      1      0      2     14      9      7
 -4.571991E-01  9.979341E-02  4.384217E-04      1      0      2     14      9      7
 -6.307319E-01  9.706678E-02  1.580511E-04      1      0      2     14      9      7
 -9.939573E-01  2.090052E-01  1.298387E-04      1      0      2     14      9      7
 -5.499439E-01  3.750519E-02  2.049329E-03      1      0      2     14      9      7
 -7.470889E-01  1.203312E-01  4.059160E-03      1      0      2     14      9      7
 -5.871027E-01  1.982811E-02  3.138330E-03      1      0      2     14      9      7
 -9.818055E-01  1.835912E-01  1.561867E-03      1      0      2     14      9      7
 -1.395036E+00  2.584617E-01  4.550548E-03      1      0      2     14      9      7
 -1.631434E+00  4.105472E-01  3.987893E-05      1      0      2     14      9      7
 -6.834654E-01  8.124834E-03  4.558030E-04      1      0      2     14      9      7
 -1.565597E+00  3.342859E-01  1.714582E-04      1      0      2     14      9      7
 -1.441229E+00  3.215580E-01  9.102200E-04      1      0      2     14      9      7
 -1.354677E+00  3.246281E-01  6.743638E-05      1      0      2     14      9      7
 -1.490273E+00  3.797905E-01  1.792473E-04      1      0      2     14      9      7
 -8.587579E-01  2.675706E-01  1.292254E-03      1      0      2     14      9      7
 -9.285678E-01  6.101793E-02  3.973787E-06      1      0      2     14      9      7
 -6.758887E-01  7.444667E-02  9.668289E-04      1      0      2     14      9      7
 -7.217536E-01  1.477040E-01  3.862409E-03      1      0      2     14      9      7
 -4.996698E-01  3.050192E-02  1.958926E-03      1      0      2     14      9      7
 -4.840488E-01  7.962593E-02  1.988488E-03      1      0      2     14      9      7
 -5.590283E-01  6.389881E-02  1.101574E-03      1      0      2     14      9      7
 -6.073591E-01  1.115595E-02  3.518830E-05      1      0      2     14      9      7
 -7.599867E-01  7.967377E-02  2.679939E-04      1      0      2     14      9      7
 -8.507019E-01  3.827141E-02  3.506687E-05      1      0      2     14      9      7
 -6.989826E-01  1.651590E-01  2.958997E-05      1      0      2     14      9      7
 -1.105867E+00  2.219843E-01  9.389844E-05      1      0      2     14      9      7
 -8.852766E-01  1.290567E-01  4.506266E-05      1      0      2     14      9      7
 -1.426323E+00  2.539531E-01  1.709675E-03      1      0      2     14      9      7
 -4.589756E-01  1.382080E-01  4.260818E-03      1      0      2     14      9      7
 -2.280667E+00  4.123163E-01  9.340411E-05      1      0      2     14      9      7
 -1.240704E+00  3.681613E-01  2.825662E-03      1      0      2     14      9      7
 -1.187977E+00  2.383904E-01  1.090314E-04      1      0      2     14      9      7
 -2.127798E+00  4.805204E-01  5.771166E-04      1      0      2     14      9      7
 -8.727256E-01  1.857731E-02  5.691435E-06      1      0      2     14      9      7
 -1.041570E+00  1.921492E-01  4.994588E-04      1      0      2     14      9      7
 -1.133843E+00  2.200699E-01  9.643511E-05      1      0      2     14      9      7
 -6.141726E-01  3.898986E-03  1.640616E-05      1      0      2     14      9      7
 -9.732746E-01  2.172663E-02  2.435472E-05      1      0      2     14      9      7
 -1.906142E+00  3.284005E-01  2.696130E-04      1      0      2     14      9      7
 -8.004940E-01  1.304229E-01  2.222529E-03      1      0      2     14      9      7
 -8.185601E-01  7.135495E-02  1.457848E-04      1      0      2     14      9      7
 -8.860316E-01  8.532620E-02  4.785570E-06      1      0      2     14      9      7
 -9.157774E-01  2.431780E-01  1.879441E-03      1      0      2     14      9      7
 -1.248051E+00  1.713196E-01  3.873571E-04      1      0      2     14      9      7
 -8.547591E-01  2.048776E-01  9.228052E-04      1      0      2     14      9      7
 -1.168162E+00  2.439977E-01  1.843746E-05      1      0      2     14      9      7
 -3.876898E-01  4.452894E-02  1.721083E-03      1      0      2     14      9      7
 -9.268701E-01  2.842724E-01  5.034330E-04      1      0      2     14      9      7
 -6.621694E-01  4.342566E-02  5.089283E-04      1      0      2     14      9      7
 -1.293123E+00  3.560023E-01  1.413199E-04      1      0      2     14      9      7
 -6.432460E-01  8.183034E-02  8.420562E-04      1      0      2     14      9      7
 -4.289509E-01  3.903347E-02  1.200735E-03      1      0      2     14      9      7
 -1.822373E+00  3.818844E-01  7.979711E-06      1      0      2     14      9      7
 -4.219158E-01  3.448451E-02  3.830271E-03      1      0      2     14      9      7
 -8.567789E-01  1.307620E-01  1.297896E-04      1      0      2     14      9      7
 -8.465609E-01  9.507743E-02  1.480173E-04      1      0      2     14      9      7
 -1.253831E+00  2.715175E-01  7.555666E-04      1      0      2     14      9      7
 -8.550102E-01  4.943548E-02  9.825420E-05      1      0      2     14      9      7
 -8.725159E-01  8.166212E-02  3.695342E-04      1      0      2     14      9      7
 -8.916691E-01  1.695753E-01  6.513399E-05      1      0      2     14      9      7
 -7.285294E-01  1.397250E-01  2.367639E-04      1      0      2     14      9      7
 -8.767366E-01  1.693745E-01  3.833215E-04      1      0      2     14      9      7
 -9.208701E-01  6.479803E-02  9.850076E-05      1      0      2     14      9      7
 -5.639301E-01  1.894174E-02  2.032524E-03      1      0      2     14      9      7
 -7.029458E-01  1.742060E-01  3.011497E-03      1      0      2     14      9      7
 -1.190758E+00  2.622740E-01  2.717842E-04      1      0      2     14      9      7
 -1.057453E+00  1.216654E-01  7.012638E-06      1      0      2     14      9      7
 -1.106550E+00  2.210021E-01  3.214504E-05      1      0      2     14      9      7
 -5.015701E-01  6.813131E-02  9.300546E-04      1      0      2     14      9      7
 -6.576742E-01  1.739745E-01  4.068360E-03      1      0      2     14      9      7
 -1.089938E+00  1.677848E-01  1.110823E-04      1      0      2     14      9      7
 -7.351024E-01  1.953335E-01  2.807140E-03      1      0      2     14      9      7
 -4.841539E-01  2.086023E-01  3.195736E-03      1      0      2     14      9      7
 -7.619459E-01  1.047624E-01  2.331208E-03      1      0      2     14      9      7
 -1.317843E+00  2.989426E-01  6.793929E-04      1      0      2     14      9      7
 -1.225623E+00  2.945472E-01  2.277727E-04      1      0      2     14      9      7
 -8.690648E-01  1.766882E-01  4.541961E-03      1      0      2     14      9      7
 -4.682739E-01  8.689884E-02  2.066011E-04      1      0      2     14      9      7
 -1.519536E+00  2.533097E-01  2.445039E-03      1      0      2     14      9      7
 -4.996698E-01  3.050192E-02  1.958926E-03      1      0      2     14      9      7
 -7.484581E-01  1.358733E-01  2.544396E-04      1      0      2     14      9      7
 -4.387784E-01  1.894452E-02  1.566160E-03      1      0      2     14      9      7
 -6.658132E-01 -8.835289E-04  3.289205E-04      1      0      2     14      9      7
 -6.387452E-01  2.903726E-02  2.453503E-03      1      0      2     14      9      7
 -9.523007E-01  1.992130E-01  1.477597E-04      1      0      2     14      9      7
 -6.121357E-01  1.103096E-01  2.748753E-03      1      0      2     14      9      7
 -1.150473E+00  1.859299E-01  4.818689E-04      1      0      2     14      9      7
 -1.064354E+00  1.351015E-01  7.977504E-04      1      0      2     14      9      7
 -6.459693E-01 -4.052385E-02  5.006854E-05      1      0      2     14      9      7
 -1.268976E+00  2.580799E-01  2.656756E-03      1      0      2     14      9      7
 -7.244821E-01  7.668359E-02  1.697900E-04      1      0      2     14      9      7
 -1.019655E+00  4.888370E-02  3.540787E-06      1      0      2     14      9      7
 -5.651690E-01  5.218777E-03  1.486306E-04      1      0      2     14      9      7
 -8.402589E-01  2.115474E-01  5.042671E-04      1      0      2     14      9      7
 -8.463513E-01  1.983721E-01  8.642704E-04      1      0      2     14      9      7
 -8.512913E-01  1.411554E-01  1.363766E-04      1      0      2     14      9      7
 -4.852072E-01  9.751151E-02  3.324655E-03      1      0      2     14      9      7
 -9.559724E-01  2.094048E-01  3.732632E-05      1      0      2     14      9      7
 -9.786904E-01  2.160772E-01  9.299564E-06      1      0      2     14      9      7
 -9.508383E-01  1.667478E-01  3.282214E-05      1      0      2     14      9      7
 -5.106811E-01  1.133194E-01  1.418474E-03      1      0      2     14      9      7
 -1.113075E+00  1.143893E-01  1.060605E-04      1      0      2     14      9      7
 -7.153820E-01 -1.984717E-03  2.935691E-05      1      0      2     14      9      7
 -9.949930E-01  2.044588E-01  2.385425E-03      1      0      2     14      9      7
 -9.044319E-01  1.833744E-01  3.819477E-03      1      0      2     14      9      7
 -6.832321E-01  1.735762E-01  4.549935E-03      1      0      2     14      9      7
 -1.779513E+00  3.439021E-01  9.795736E-05      1      0      2     14      9      7
 -1.681078E+00  2.595618E-01  1.650061E-04      1      0      2     14      9      7
 -5.453819E-01  1.125888E-01  4.858554E-04      1      0      2     14      9      7
 -1.041519E+00  1.539744E-01  4.050451E-03      1      0      2     14      9      7
 -4.412111E-01  6.265339E-02  1.609337E-03      1      0      2     14      9      7
 -9.714571E-01  2.153748E-01  2.983898E-05      1      0      2     14      9      7
 -8.408791E-01  9.176332E-02  2.587451E-04      1      0      2     14      9      7
 -1.205602E+00  2.135190E-01  7.116533E-05      1      0      2     14      9      7
 -1.105212E+00  1.446317E-01  2.127097E-05      1      0      2     14      9      7
 -8.686772E-01  8.405057E-02  2.957280E-04      1      0      2     14      9      7
 -8.532879E-01  8.961265E-03  7.658825E-05      1      0      2     14      9      7
 -1.357559E+00  2.220625E-01  3.779121E-03      1      0      2     14      9      7
 -1.579493E+00  2.748125E-01  8.151439E-05      1      0      2     14      9      7
 -5.354546E-01  9.704248E-02  2.268159E-04      1      0      2     14      9      7
 -1.230664E+00  1.761304E-01  3.285771E-05      1      0      2     14      9      7
 -5.663476E-01 -1.184616E-02  3.204445E-03      1      0      2     14      9      7
 -6.832041E-01  2.321162E-01  9.382362E-04      1      0      2     14      9      7
 -9.476966E-01  1.587431E-01  4.374527E-04      1      0      2     14      9      7
 -1.550538E+00  2.948086E-01  5.906341E-05      1      0      2     14      9      7
 -3.947040E-01 -2.542258E-02  1.167554E-03      1      0      2     14      9      7
 -5.182633E-01  1.712951E-01  3.342932E-03      1      0      2     14      9      7
 -1.144193E+00  1.223608E-01  1.629945E-05      1      0      2     14      9      7
 -6.431413E-01  1.556899E-01  1.141305E-04      1      0      2     14      9      7
 -1.089842E+00  1.562704E-01  2.897052E-06      1      0      2     14      9      7
 -4.016680E-01 -6.107192E-02  1.645155E-03      1      0      2     14      9      7
 -4.581689E-01  1.134936E-01  2.184258E-03      1      0      2     14      9      7
 -1.084514E+00  1.647854E-01  3.088774E-04      1      0      2     14      9      7
 -1.386991E+00  2.391348E-01  1.343772E-05      1      0      2     14      9      7
 -1.258712E+00  1.676662E-01  6.544311E-06      1      0      2     14      9      7
 -1.178342E+00  4.892914E-02  8.238039E-06      1      0      2     14      9      7
 -1.138483E+00  1.808605E-01  2.913366E-06      1      0      2     14      9      7
 -9.533109E-01  2.445388E-01  2.226209E-04      1      0      2     14      9      7
 -6.124300E-01  1.618193E-01  1.009099E-03      1      0      2     14      9      7
 -1.504779E+00  3.608157E-01  1.350641E-04      1      0      2     14      9      7
 -1.063490E+00  3.209590E-01  7.050172E-05      1      0      2     14      9      7
 -1.779909E+00  3.169647E-01  3.933676E-05      1      0      2     14      9      7
 -5.366911E-01  1.366176E-01  4.549076E-03      1      0      2     14      9      7
 -1.157223E+00  1.836475E-01  1.483485E-04      1      0      2     14      9      7
 -1.105681E+00  1.754388E-01  4.045667E-03      1      0      2     14      9      7
 -4.642343E-01  4.468472E-02  4.061859E-03      1      0      2     14      9      7
 -9.710095E-01  5.623729E-02  4.182927E-05      1      0      2     14      9      7
 -6.916092E-01  8.307412E-02  1.007136E-04      1      0      2     14      9      7
 -2.464082E+00  4.771584E-01  2.118879E-04      1      0      2     14      9      7
 -1.004216E+00  1.115670E-01  1.169210E-04      1      0      2     14      9      7
 -1.596607E+00  3.152838E-01  7.073355E-05      1      0      2     14      9      7
 -1.343136E+00  2.595239E-01  8.975121E-05      1      0      2     14      9      7
 -1.498681E+00  3.493381E-01  1.447667E-03      1      0      2     14      9      7
 -1.193251E+00  2.449102E-01  9.839158E-05      1      0      2     14      9      7
 -1.633171E+00  3.114278E-01  8.279255E-06      1      0      2     14      9      7
 -8.840672E-01  1.124050E-01  2.431669E-04      1      0      2     14      9      7
 -1.333287E+00  2.569467E-01  2.541207E-05      1      0      2     14      9      7
 -1.082965E+00  2.770551E-01  1.238405E-04      1      0      2     14      9      7
 -7.619459E-01  1.047624E-01  2.331208E-03      1      0      2     14      9      7
 -1.116060E+00  1.338290E-01  9.537530E-05      1      0      2     14      9      7
 -7.149289E-01  1.619499E-01  1.061451E-04      1      0      2     14      9      7
 -1.074058E+00  2.874928E-01  1.116061E-03      1      0      2     14      9      7
 -3.823260E-01  6.118640E-02  3.229223E-04      1      0      2     14      9      7
 -4.589851E-01  4.667185E-02  8.804374E-04      1      0      2     14      9      7
 -8.489994E-01  1.384251E-01  3.510244E-04      1      0      2     14      9      7
 -5.452441E-01  5.930136E-02  2.335747E-04      1      0      2     14      9      7
 -7.020653E-01  3.486641E-02  1.208205E-04      1      0      2     14      9      7
 -6.052536E-01  1.731780E-01  6.023116E-04      1      0      2     14      9      7
 -1.317274E+00  2.332326E-01  3.514169E-05      1      0      2     14      9      7
 -7.782212E-01  7.367079E-02  4.525525E-05      1      0      2     14      9      7
 -6.644037E-01  1.006989E-01  6.125417E-05      1      0      2     14      9      7
 -1.424357E+00  3.575597E-01  4.496454E-03      1      0      2     14      9      7
 -9.943518E-01  1.638396E-01  1.350518E-06      1      0      2     14      9      7
 -1.301273E+00  3.252441E-01  4.061614E-04      1      0      2     14      9      7
 -8.738093E-01  1.843452E-01  2.431178E-04      1      0      2     14      9      7
 -1.225587E+00  2.068494E-01  8.597810E-06      1      0      2     14      9      7
 -9.233398E-01  1.189454E-01  1.247359E-03      1      0      2     14      9      7
 -7.019900E-01  1.989268E-01  2.827257E-03      1      0      2     14      9      7
 -7.496511E-01  5.658152E-02  2.548076E-05      1      0      2     14      9      7
 -6.758887E-01  7.444667E-02  9.668289E-04      1      0      2     14      9      7
 -1.153504E+00  2.228427E-01  1.649325E-03      1      0      2     14      9      7
 -7.466311E-01  1.802720E-02  7.387618E-06      1      0      2     14      9      7
 -1.127463E+00  1.675248E-01  9.720666E-05      1      0      2     14      9      7
 -1.095243E+00  1.850090E-01  1.810259E-04      1      0      2     14      9      7
 -4.737607E-01  3.447085E-02  4.404824E-03      1      0      2     14      9      7
 -1.695866E+00  3.768934E-01  7.865267E-04      1      0      2     14      9      7
 -5.828026E-01  1.098220E-01  1.414794E-03      1      0      2     14      9      7
 -7.995911E-01  1.702191E-01  5.319031E-04      1      0      2     14      9      7
 -7.399885E-01 -5.855723E-02  9.889450E-05      1      0      2     14      9      7
 -7.695681E-01  1.853471E-01  3.386968E-04      1      0      2     14      9      7
 -1.277921E+00  2.796965E-01  3.861182E-03      1      0      2     14      9      7
 -1.019144E+00  3.208814E-01  4.960365E-04      1      0      2     14      9      7
 -9.067103E-01  2.617925E-01  1.023303E-03      1      0      2     14      9      7
 -1.808083E+00  4.012311E-01  3.147652E-04      1      0      2     14      9      7
 -1.316231E+00  1.131716E-01  1.307709E-04      1      0      2     14      9      7
 -4.564043E-01  3.550080E-02  2.737958E-03      1      0      2     14      9      7
 -1.015619E+00  2.549261E-01  4.505531E-04      1      0      2     14      9      7
 -9.251264E-01  1.068227E-01  6.668691E-05      1      0      2     14      9      7
 -4.006991E-01  7.793178E-02  3.142991E-04      1      0      2     14      9      7
 -7.652383E-01  7.710636E-02  2.615541E-05      1      0      2     14      9      7
 -9.099264E-01  1.649176E-01  1.105769E-03      1      0      2     14      9      7
 -1.068683E+00  2.096857E-01  1.361190E-04      1      0      2     14      9      7
 -9.546433E-01  5.218363E-02  3.904605E-05      1      0      2     14      9      7
 -7.072237E-01  8.284077E-02  6.087391E-04      1      0      2     14      9      7
 -1.317642E+00  3.660698E-01  4.238003E-04      1      0      2     14      9      7
 -8.366765E-01  1.568716E-01  4.789618E-04      1      0      2     14      9      7
 -1.120376E+00  2.983870E-01  1.453678E-04      1      0      2     14      9      7
 -6.152791E-01 -3.572255E-02  7.355480E-05      1      0      2     14      9      7
 -7.263620E-01  1.479031E-01  1.337884E-04      1      0      2     14      9      7
 -1.971879E+00  3.960159E-01  9.342128E-05      1      0      2     14      9      7
 -6.823586E-01  1.105407E-01  3.982619E-03      1      0      2     14      9      7
 -1.036628E+00  6.203885E-02  1.938932E-06      1      0      2     14      9      7
 -8.238995E-01  2.077543E-01  1.611545E-03      1      0      2     14      9      7
 -9.722068E-01  2.000167E-01  1.600015E-03      1      0      2     14      9      7
 -1.072474E+00  6.872132E-02  1.211713E-04      1      0      2     14      9      7
 -8.191049E-01 -7.984720E-03  7.888083E-05      1      0      2     14      9      7
 -5.369560E-01  1.073436E-01  3.057005E-03      1      0      2     14      9      7
 -4.113800E-01  6.637645E-02  1.140924E-03      1      0      2     14      9      7
 -1.646281E+00  3.486704E-01  2.275642E-04      1      0      2     14      9      7
 -1.091149E+00  2.269786E-01  4.398814E-03      1      0      2     14      9      7
 -1.080398E+00  2.478978E-01  1.231658E-03      1      0      2     14      9      7
 -1.194240E+00  2.431450E-01  7.786272E-06      1      0      2     14      9      7
 -5.944383E-01  1.101998E-01  2.851422E-04      1      0      2     14      9      7
 -6.356279E-01  4.384462E-02  1.504338E-03      1      0      2     14      9      7
 -1.581413E+00  3.061283E-01  6.482243E-04      1      0      2     14      9      7
 -1.060969E+00  2.264602E-01  1.688209E-03      1      0      2     14      9      7
 -9.754654E-01  1.632184E-01  3.162372E-04      1      0      2     14      9      7
 -9.991011E-01  1.696377E-01  1.324514E-04      1      0      2     14      9      7
 -1.441465E+00  2.345229E-01  2.964149E-04      1      0      2     14      9      7
 -4.675145E-01  2.689793E-02  6.105791E-04      1      0      2     14      9      7
 -1.953123E+00  4.166004E-01  6.315053E-05      1      0      2     14      9      7
 -8.079919E-01  7.382467E-02  2.807140E-05      1      0      2     14      9      7
 -2.368483E+00  4.498438E-01  1.006093E-03      1      0      2     14      9      7
 -7.379425E-01  9.666764E-02  2.380151E-03      1      0      2     14      9      7
 -8.515894E-01 -2.690001E-02  6.206006E-05      1      0      2     14      9      7
 -1.334785E+00  3.325563E-01  5.203482E-04      1      0      2     14      9      7
 -8.713538E-01  1.775990E-02  1.410991E-05      1      0      2     14      9      7
 -6.680138E-01  7.901189E-02  1.198085E-03      1      0      2     14      9      7
 -6.442346E-01 -1.945126E-02  3.780348E-04      1      0      2     14      9      7
 -1.123151E+00  2.204013E-01  2.850072E-04      1      0      2     14      9      7
 -7.401742E-01  1.038453E-01  2.430074E-04      1      0      2     14      9      7
 -1.335347E+00  2.133732E-01  4.410712E-05      1      0      2     14      9      7
 -7.860556E-01  6.644112E-02  4.163546E-04      1      0      2     14      9      7
 -1.119193E+00  2.504912E-01  2.586224E-04      1      0      2     14      9      7
 -8.326900E-01  1.468926E-01  4.574958E-04      1      0      2     14      9      7
 -9.104686E-01  1.245601E-01  1.303171E-04      1      0      2     14      9      7
 -1.151003E+00  2.667833E-01  8.519674E-05      1      0      2     14      9      7
 -8.686966E-01  1.767318E-01  8.114273E-05      1      0      2     14      9      7
 -7.745578E-01  1.696315E-01  8.436999E-04      1      0      2     14      9      7
 -5.742933E-01  2.052026E-01  3.778998E-03      1      0      2     14      9      7
 -8.809365E-01  1.831461E-01  7.528803E-04      1      0      2     14      9      7
 -1.041743E+00  1.434028E-01  2.879266E-03      1      0      2     14      9      7
 -1.191961E+00  2.574053E-01  2.676504E-04      1      0      2     14      9      7
 -9.491090E-01  7.542061E-02  4.421138E-06      1      0      2     14      9      7
 -1.205808E+00  2.242217E-01  7.983760E-05      1      0      2     14      9      7
 -9.895769E-01  1.321720E-01  3.915031E-05      1      0      2     14      9      7
 -9.381487E-01  4.895502E-02  2.711218E-05      1      0      2     14      9      7
 -1.033197E+00  2.150302E-01  1.140004E-03      1      0      2     14      9      7
 -1.241161E+00  1.981309E-01  6.837475E-05      1      0      2     14      9      7
 -1.276489E+00  3.356269E-01  8.123350E-05      1      0      2     14      9      7
 -7.281678E-01  1.941523E-01  3.855908E-04      1      0      2     14      9      7
 -8.542827E-01  2.165456E-01  4.565022E-03      1      0      2     14      9      7
 -6.167478E-01  6.114109E-02  3.957841E-03      1      0      2     14      9      7
 -5.497081E-01  6.327451E-02  1.234111E-03      1      0      2     14      9      7
 -5.563387E-01  8.552280E-02  3.050135E-03      1      0      2     14      9      7
 -6.921897E-01 -5.760610E-03  1.748069E-04      1      0      2     14      9      7
 -6.498263E-01  9.816696E-02  1.385600E-03      1      0      2     14      9      7
 -6.249227E-01  9.700005E-02  2.648660E-04      1      0      2     14      9      7
 -9.844360E-01  2.538371E-01  2.755376E-03      1      0      2     14      9      7
 -9.381635E-01  6.429746E-02  9.165862E-05      1      0      2     14      9      7
 -1.826274E+00  3.318556E-01  2.438048E-03      1      0      2     14      9      7
 -1.058983E+00  1.664810E-01  7.607675E-04      1      0      2     14      9      7
 -1.075598E+00  2.277251E-01  1.466925E-03      1      0      2     14      9      7
 -1.225836E+00  1.330647E-01  4.829238E-05      1      0      2     14      9      7
 -8.305790E-01  1.311219E-01  3.961030E-03      1      0      2     14      9      7
 -9.166363E-01  5.225725E-02  3.496628E-04      1      0      2     14      9      7
 -1.465079E+00  2.249085E-01  3.464613E-05      1      0      2     14      9      7
 -1.607903E+00  3.760066E-01  2.412656E-04      1      0      2     14      9      7
 -7.183009E-01  1.237166E-01  2.623882E-04      1      0      2     14      9      7
 -5.218224E-01 -5.469283E-04  2.654425E-03      1      0      2     14      9      7
 -1.100096E+00  2.701128E-01  1.008681E-03      1      0      2     14      9      7
 -1.654375E+00  3.353459E-01  1.107793E-03      1      0      2     14      9      7
 -6.851293E-01  1.158384E-01  1.614121E-03      1      0      2     14      9      7
 -9.166410E-01 -5.045000E-03  9.823825E-05      1      0      2     14      9      7
 -6.356021E-01  1.459423E-01  1.622585E-04      1      0      2     14      9      7
 -9.624193E-01 -9.725085E-02  6.949589E-06      1      0      2     14      9      7
 -6.267029E-01  4.962829E-02  5.683585E-05      1      0      2     14      9      7
 -4.300257E-01  8.995511E-02  3.036397E-03      1      0      2     14      9      7
 -6.180482E-01  1.152760E-01  7.064769E-04      1      0      2     14      9      7
 -4.676581E-01  5.527331E-02  2.087722E-03      1      0      2     14      9      7
 -3.362608E-01  1.330806E-01  6.328914E-04      1      0      2     14      9      7
 -7.905002E-01  1.903102E-01  2.655652E-03      1      0      2     14      9      7
 -5.863827E-01  1.426290E-01  4.562201E-03      1      0      2     14      9      7
 -8.158542E-01  1.177856E-01  1.922741E-04      1      0      2     14      9      7
 -7.216591E-01  1.765383E-01  1.273977E-03      1      0      2     14      9      7
 -1.070200E+00  2.103530E-01  2.250373E-05      1      0      2     14      9      7
 -1.244011E+00  2.881418E-01  3.243452E-03      1      0      2     14      9      7
 -2.299850E+00  4.082757E-01  3.296933E-04      1      0      2     14      9      7
 -9.505583E-01  1.083923E-01  7.424662E-05      1      0      2     14      9      7
 -1.264682E+00  2.272102E-01  4.541839E-03      1      0      2     14      9      7
 -2.347940E+00  4.539610E-01  8.666992E-04      1      0      2     14      9      7
 -1.380445E+00  2.493647E-01  8.266129E-04      1      0      2     14      9      7
 -4.957124E-01  1.167710E-01  5.389685E-04      1      0      2     14      9      7
 -1.257657E+00  2.526489E-01  1.346716E-04      1      0      2     14      9      7
 -4.365468E-01  7.753644E-02  4.349258E-03      1      0      2     14      9      7
 -7.311014E-01  1.683783E-01  1.688577E-05      1      0      2     14      9      7
 -8.562528E-01  5.922247E-02  1.045566E-04      1      0      2     14      9      7
 -8.356920E-01  1.922708E-01  4.350117E-04      1      0      2     14      9      7
 -8.414977E-01  1.208965E-01  1.456622E-03      1      0      2     14      9      7
 -7.228314E-01  1.775740E-01  3.175620E-04      1      0      2     14      9      7
 -6.894047E-01  1.519444E-01  4.361034E-03      1      0      2     14      9      7
 -8.772981E-01  1.185205E-01  7.895074E-05      1      0      2     14      9      7
 -5.482462E-01  1.472775E-01  4.213102E-03      1      0      2     14      9      7
 -7.262468E-01  1.095987E-01  2.295145E-04      1      0      2     14      9      7
 -6.569364E-01  1.422877E-01  8.538686E-04      1      0      2     14      9      7
 -1.482005E+00  4.291581E-01  3.579180E-03      1      0      2     14      9      7
 -1.137090E+00  2.202760E-01  3.856644E-04      1      0      2     14      9      7
 -7.144197E-01  9.263860E-02  3.616961E-04      1      0      2     14      9      7
 -9.582442E-01  1.776956E-01  4.449842E-04      1      0      2     14      9      7
 -5.920966E-01  1.028782E-01  1.109081E-03      1      0      2     14      9      7
 -1.138377E+00  2.612702E-01  2.582544E-04      1      0      2     14      9      7
 -1.913016E+00  3.602784E-01  3.030877E-06      1      0      2     14      9      7
 -1.859746E+00  2.590412E-01  5.725904E-04      1      0      2     14      9      7
 -1.053090E+00  2.038671E-01  3.228610E-04      1      0      2     14      9      7
 -6.005736E-01  1.719143E-03  5.126818E-04      1      0      2     14      9      7
 -1.099506E+00  1.447850E-01  3.934535E-05      1      0      2     14      9      7
 -4.305462E-01  8.364559E-02  3.268598E-03      1      0      2     14      9      7
 -9.311996E-01  9.822232E-02  2.111642E-05      1      0      2     14      9      7
 -1.388815E+00  1.918220E-01  3.118581E-05      1      0      2     14      9      7
 -8.960057E-01  1.203714E-01  1.396026E-03      1      0      2     14      9      7
 -7.085790E-01  1.041225E-02  4.257629E-04      1      0      2     14      9      7
 -1.542487E+00  2.936500E-01  8.100412E-04      1      0      2     14      9      7
 -1.055873E+00  2.183535E-01  6.980745E-05      1      0      2     14      9      7
 -7.473812E-01  1.743684E-01  4.062595E-04      1      0      2     14      9      7
 -7.476035E-01  1.825180E-01  2.414864E-04      1      0      2     14      9      7
 -1.080190E+00  1.681226E-01  4.509210E-03      1      0      2     14      9      7
 -5.397243E-01 -6.577594E-04  3.365379E-03      1      0      2     14      9      7
 -1.004290E+00  2.274994E-01  1.873921E-03      1      0      2     14      9      7
 -9.660566E-01  1.746887E-01  2.999108E-04      1      0      2     14      9      7
 -4.801608E-01  9.152916E-02  3.378749E-04      1      0      2     14      9      7
 -1.142748E+00  3.264305E-02  2.403825E-05      1      0      2     14      9      7
 -9.228787E-01  6.459088E-02  1.311144E-04      1      0      2     14      9      7
 -9.159995E-01  1.730135E-01  9.866389E-05      1      0      2     14      9      7
 -1.208670E+00  2.928622E-01  2.590150E-03      1      0      2     14      9      7
 -1.257193E+00  2.665019E-01  8.281708E-05      1      0      2     14      9      7
 -6.099413E-01  9.880803E-02  4.546255E-03      1      0      2     14      9      7
 -8.082951E-01  1.807662E-01  7.136404E-04      1      0      2     14      9      7
 -9.401005E-01  2.217090E-01  1.931940E-03      1      0      2     14      9      7
 -6.344268E-01  1.004914E-03  4.359439E-04      1      0      2     14      9      7
 -1.039602E+00  1.021930E-01  1.939546E-05      1      0      2     14      9      7
 -7.229909E-01  1.524367E-01  1.996584E-03      1      0      2     14      9      7
 -1.277954E+00  2.847122E-01  2.100602E-05      1      0      2     14      9      7
 -1.136719E+00  2.139637E-01  2.356109E-04      1      0      2     14      9      7
 -1.507242E+00  2.669966E-01  2.545746E-03      1      0      2     14      9      7
 -7.816430E-01  2.089418E-01  6.454031E-05      1      0      2     14      9      7
 -1.523281E+00  3.251584E-01  4.260082E-03      1      0      2     14      9      7
 -8.155534E-01  2.327344E-02  7.128431E-05      1      0      2     14      9      7
 -1.195256E+00  2.573089E-01  9.001493E-05      1      0      2     14      9      7
 -8.038028E-01  1.939267E-01  4.877567E-04      1      0      2     14      9      7
 -4.227382E-01  6.094085E-02  3.985563E-03      1      0      2     14      9      7
 -1.125891E+00  1.924593E-01  9.492022E-04      1      0      2     14      9      7
 -7.282130E-01  1.039389E-01  1.469133E-05      1      0      2     14      9      7
 -1.154423E+00  2.335807E-01  1.244906E-03      1      0      2     14      9      7
 -7.081167E-01  9.032437E-02  1.736661E-04      1      0      2     14      9      7
 -1.071830E+00  8.929376E-02  1.350764E-04      1      0      2     14      9      7
 -4.722901E-01  1.803317E-01  1.934884E-04      1      0      2     14      9      7
 -5.827236E-01  3.406393E-02  4.500624E-03      1      0      2     14      9      7
 -1.038536E+00  1.545910E-01  1.266004E-03      1      0      2     14      9      7
 -8.448708E-01 -2.053251E-02  6.986755E-05      1      0      2     14      9      7
 -7.160612E-01  4.931923E-02  1.471587E-04      1      0      2     14      9      7
 -1.248259E+00  3.626167E-01  1.144126E-03      1      0      2     14      9      7
 -7.965184E-01  7.747993E-02  7.058023E-05      1      0      2     14      9      7
 -8.254863E-01  3.079605E-01  7.936902E-04      1      0      2     14      9      7
 -6.821451E-01  8.135066E-02  5.609006E-04      1      0      2     14      9      7
 -5.547070E-01  6.461032E-02  7.544749E-04      1      0      2     14      9      7
 -6.519276E-01  1.278866E-01  3.692398E-03      1      0      2     14      9      7
 -5.196863E-01  6.462228E-02  3.381325E-04      1      0      2     14      9      7
 -6.860120E-01  1.565254E-01  7.597862E-04      1      0      2     14      9      7
 -9.773275E-01  1.555981E-01  2.645471E-04      1      0      2     14      9      7
 -9.710095E-01  5.623729E-02  4.182927E-05      1      0      2     14      9      7
 -1.363408E+00  2.214914E-01  2.259941E-04      1      0      2     14      9      7
 -1.131069E+00  2.684178E-01  6.223302E-04      1      0      2     14      9      7
 -7.293147E-01  5.702246E-02  9.590889E-06      1      0      2     14      9      7
 -7.958653E-01  1.738821E-01  2.473007E-04      1      0      2     14      9      7
 -9.077790E-01  8.290059E-02  8.919555E-05      1      0      2     14      9      7
 -6.376031E-01  1.016971E-01  7.693539E-04      1      0      2     14      9      7
 -1.468045E+00  2.549206E-01  2.096309E-05      1      0      2     14      9      7
 -1.018579E+00  1.605833E-01  2.258960E-04      1      0      2     14      9      7
 -6.587841E-01  6.777844E-02  8.204062E-05      1      0      2     14      9      7
 -1.111134E+00  1.483144E-01  1.282441E-06      1      0      2     14      9      7
 -1.167396E+00  2.443721E-01  3.860569E-03      1      0      2     14      9      7
 -1.313853E+00  3.326064E-01  4.594216E-05      1      0      2     14      9      7
 -6.299170E-01  1.968543E-01  3.401687E-04      1      0      2     14      9      7
 -4.311339E-01  1.327159E-01  1.290168E-04      1      0      2     14      9      7
 -1.988733E+00  4.409612E-01  9.854982E-06      1      0      2     14      9      7
 -7.310630E-01  1.691999E-01  1.253124E-04      1      0      2     14      9      7
 -9.383532E-01  9.657303E-02  4.498661E-03      1      0      2     14      9      7
 -1.947558E+00  3.220186E-01  2.746667E-05      1      0      2     14      9      7
 -5.664267E-01  1.293449E-01  1.895387E-03      1      0      2     14      9      7
 -7.320753E-01  1.026497E-01  3.137962E-05      1      0      2     14      9      7
 -6.366550E-01  5.373238E-02  1.826941E-03      1      0      2     14      9      7
 -5.137770E-01  2.954384E-02  2.818057E-03      1      0      2     14      9      7
 -2.048449E+00  4.055218E-01  1.556347E-03      1      0      2     14      9      7
 -8.321538E-01  1.499114E-01  4.275538E-04      1      0      2     14      9      7
 -8.018794E-01  2.120121E-01  3.044002E-03      1      0      2     14      9      7
 -8.510113E-01  8.131066E-02  2.510909E-05      1      0      2     14      9      7
 -1.254126E+00  3.096206E-01  1.119937E-03      1      0      2     14      9      7
 -1.008470E+00  1.767234E-01  8.055026E-05      1      0      2     14      9      7
 -7.995348E-01  1.914215E-01  3.896877E-04      1      0      2     14      9      7
 -1.057746E+00  2.333660E-01  2.998372E-04      1      0      2     14      9      7
 -7.746990E-01  1.595813E-01  3.519812E-04      1      0      2     14      9      7
 -4.473548E-01 -2.304158E-02  1.550214E-04      1      0      2     14      9      7
 -7.251247E-01  2.237755E-01  1.347820E-03      1      0      2     14      9      7
 -4.934513E-01  1.989963E-01  7.957878E-04      1      0      2     14      9      7
 -9.543786E-01  2.107923E-01  2.577270E-04      1      0      2     14      9      7
 -1.256457E+00  1.727508E-01  8.743534E-05      1      0      2     14      9      7
 -9.642444E-01  2.469238E-02  4.287804E-04      1      0      2     14      9      7
 -9.734289E-01  2.535553E-02  5.317559E-06      1      0      2     14      9      7
 -7.762651E-01  1.316231E-01  4.093874E-03      1      0      2     14      9      7
 -1.720259E+00  3.104780E-01  2.194930E-04      1      0      2     14      9      7
 -5.522505E-01  7.904839E-02  1.524822E-03      1      0      2     14      9      7
 -1.140579E+00  1.970109E-01  3.614630E-05      1      0      2     14      9      7
 -9.543093E-01  2.686780E-01  1.311144E-03      1      0      2     14      9      7
 -6.828685E-01  6.569574E-02  3.384637E-03      1      0      2     14      9      7
 -5.825884E-01  1.790786E-01  4.435613E-03      1      0      2     14      9      7
 -4.588344E-01  1.089105E-01  3.298405E-04      1      0      2     14      9      7
 -1.636333E+00  2.427091E-01  8.239389E-05      1      0      2     14      9      7
 -8.900610E-01  1.583416E-01  1.392960E-05      1      0      2     14      9      7
 -9.356882E-01  1.909692E-02  9.289751E-05      1      0      2     14      9      7
 -8.166107E-01  1.482405E-01  3.512329E-05      1      0      2     14      9      7
 -1.754931E+00  3.321974E-01  4.580232E-05      1      0      2     14      9      7
 -6.795105E-01  9.808419E-02  4.050206E-04      1      0      2     14      9      7
 -4.129353E-01  4.148462E-02  1.062334E-03      1      0      2     14      9      7
 -4.394851E-01 -1.298042E-02  9.032650E-04      1      0      2     14      9      7
 -2.218301E+00  4.752947E-01  9.950168E-05      1      0      2     14      9      7
 -5.522505E-01  7.904839E-02  1.524822E-03      1      0      2     14      9      7
 -8.383185E-01  1.309846E-01  1.382288E-04      1      0      2     14      9      7
 -4.658371E-01  1.359954E-01  1.706241E-03      1      0      2     14      9      7
 -7.129937E-01 -1.285105E-02  3.371267E-05      1      0      2     14      9      7
 -6.529769E-01  6.554664E-02  1.024775E-03      1      0      2     14      9      7
 -7.199004E-01  1.550157E-01  1.742917E-03      1      0      2     14      9      7
 -1.640566E+00  2.940536E-01  5.262974E-04      1      0      2     14      9      7
 -6.839916E-01  1.137333E-01  1.471464E-04      1      0      2     14      9      7
 -6.472294E-01  1.306000E-01  2.371074E-03      1      0      2     14      9      7
 -7.066480E-01  4.453096E-02  7.741378E-05      1      0      2     14      9      7
 -5.741898E-01  1.204210E-01  2.417072E-03      1      0      2     14      9      7
 -1.570843E+00  3.340018E-01  1.463000E-03      1      0      2     14      9      7
 -5.826673E-01  1.546243E-01  5.267880E-04      1      0      2     14      9      7
 -1.134511E+00  2.792275E-01  4.089335E-04      1      0      2     14      9      7
 -1.783984E+00  3.349221E-01  6.571542E-04      1      0      2     14      9      7
 -4.205239E-01  9.459286E-02  3.952689E-04      1      0      2     14      9      7
 -3.752383E-01  1.781871E-01  4.563305E-03      1      0      2     14      9      7
 -1.263574E+00  2.151602E-01  2.377452E-04      1      0      2     14      9      7
 -1.297501E+00  3.011254E-01  3.066327E-03      1      0      2     14      9      7
 -9.519600E-01  7.192363E-02  8.822774E-05      1      0      2     14      9      7
 -7.459468E-01  3.731836E-02  1.059893E-04      1      0      2     14      9      7
 -7.819729E-01  1.347343E-01  4.351834E-04      1      0      2     14      9      7
 -1.210463E+00  2.422093E-01  1.902379E-04      1      0      2     14      9      7
 -3.750321E-01  2.638164E-02  4.074739E-03      1      0      2     14      9      7
 -6.364472E-01  7.572791E-02  3.091963E-05      1      0      2     14      9      7
 -5.516100E-01  1.163602E-01  2.094714E-04      1      0      2     14      9      7
 -1.181513E+00  2.382236E-01  1.276185E-03      1      0      2     14      9      7
 -1.532828E+00  3.640797E-01  6.158413E-04      1      0      2     14      9      7
 -1.312335E+00  2.580190E-01  1.360086E-05      1      0      2     14      9      7
 -1.181835E+00  2.715181E-01  9.568564E-05      1      0      2     14      9      7
 -7.699814E-01  1.512662E-01  1.435892E-04      1      0      2     14      9      7
 -1.683160E+00  2.845748E-01  1.669442E-04      1      0      2     14      9      7
 -3.675578E-01  1.577731E-01  2.051291E-03      1      0      2     14      9      7
 -6.302495E-01  1.388956E-01  1.576586E-04      1      0      2     14      9      7
 -7.763116E-01  1.811141E-01  2.700669E-03      1      0      2     14      9      7
 -6.232600E-01  1.684823E-01  1.260607E-03      1      0      2     14      9      7
 -5.950215E-01  5.324596E-02  2.340285E-03      1      0      2     14      9      7
 -1.031100E+00  1.762305E-01  2.221793E-04      1      0      2     14      9      7
 -9.497695E-01  2.022218E-01  9.334646E-04      1      0      2     14      9      7
 -8.344965E-01  1.300527E-01  1.889376E-03      1      0      2     14      9      7
 -1.302469E+00  2.958935E-01  4.567353E-05      1      0      2     14      9      7
 -2.279658E+00  4.830710E-01  4.471921E-04      1      0      2     14      9      7
 -4.866397E-01  8.559821E-02  2.267546E-03      1      0      2     14      9      7
 -1.272059E+00  2.898933E-01  1.786708E-03      1      0      2     14      9      7
 -1.158238E+00  2.002274E-01  1.079115E-04      1      0      2     14      9      7
 -1.115052E+00  1.663319E-01  1.694097E-04      1      0      2     14      9      7
 -5.420119E-01 -7.892231E-03  1.330524E-03      1      0      2     14      9      7
 -7.713218E-01  1.031651E-01  3.233762E-05      1      0      2     14      9      7
 -6.713315E-01  1.945365E-01  2.502814E-03      1      0      2     14      9      7
 -1.368866E+00  2.489985E-01  5.921919E-05      1      0      2     14      9      7
 -1.153072E+00  1.585448E-01  3.125573E-05      1      0      2     14      9      7
 -7.664308E-01  1.014834E-01  1.505442E-03      1      0      2     14      9      7
 -8.763966E-01  1.683436E-01  3.536494E-05      1      0      2     14      9      7
 -1.396228E+00  3.074554E-01  1.314333E-04      1      0      2     14      9      7
 -6.691573E-01  1.397664E-01  2.949429E-03      1      0      2     14      9      7
 -8.010589E-01  1.592548E-01  1.770271E-03      1      0      2     14      9      7
 -6.054052E-01  1.409676E-01  4.390473E-03      1      0      2     14      9      7
 -1.083297E+00  2.484245E-01  4.546132E-04      1      0      2     14      9      7
 -9.344391E-01  2.692930E-01  2.362242E-04      1      0      2     14      9      7
 -2.080391E+00  3.872119E-01  1.913173E-04      1      0      2     14      9      7
 -8.089122E-01  1.084240E-01  7.577623E-04      1      0      2     14      9      7
 -1.619022E+00  3.678354E-01  4.844203E-04      1      0      2     14      9      7
 -3.682910E-01  6.216106E-02  2.262517E-03      1      0      2     14      9      7
 -1.172506E+00  2.123410E-01  2.433754E-05      1      0      2     14      9      7
 -4.065104E-01  8.774325E-02  1.417492E-03      1      0      2     14      9      7
 -7.493951E-01  1.915977E-01  3.574274E-03      1      0      2     14      9      7
 -1.251306E+00  3.464771E-01  1.725867E-04      1      0      2     14      9      7
 -7.024443E-01  5.222941E-03  4.411448E-04      1      0      2     14      9      7
 -1.809047E+00  2.976616E-01  1.392592E-03      1      0      2     14      9      7
 -1.523281E+00  3.251584E-01  4.260082E-03      1      0      2     14      9      7
 -8.362415E-01  8.724688E-02  4.405070E-05      1      0      2     14      9      7
 -1.231433E+00  2.080360E-01  2.762368E-03      1      0      2     14      9      7
 -9.266966E-01  1.396749E-01  1.329052E-04      1      0      2     14      9      7
 -8.737657E-01  4.592976E-02  1.393818E-05      1      0      2     14      9      7
 -8.513663E-01  1.614708E-01  4.562078E-03      1      0      2     14      9      7
 -8.094515E-01  2.529234E-01  1.863372E-03      1      0      2     14      9      7
 -8.186285E-01  1.395912E-01  3.613158E-03      1      0      2     14      9      7
 -9.242955E-01  2.272798E-01  2.155555E-04      1      0      2     14      9      7
 -8.789723E-01  1.564025E-01  4.564899E-03      1      0      2     14      9      7
 -1.090527E+00  2.338100E-01  8.502255E-05      1      0      2     14      9      7
 -6.259482E-01  1.673358E-01  9.061598E-04      1      0      2     14      9      7
 -1.290378E+00  2.545017E-01  1.967881E-04      1      0      2     14      9      7
 -6.455027E-01  3.821351E-02  2.530413E-04      1      0      2     14      9      7
 -1.198401E+00  7.928034E-02  1.692870E-05      1      0      2     14      9      7
 -9.452264E-01  4.284404E-02  2.195298E-06      1      0      2     14      9      7
 -4.367917E-01 -7.637930E-03  2.291711E-03      1      0      2     14      9      7
 -1.091125E+00  5.239569E-02  2.762368E-05      1      0      2     14      9      7
 -1.281009E+00  3.012186E-01  2.525016E-05      1      0      2     14      9      7
 -5.642132E-01  1.176319E-01  5.083518E-04      1      0      2     14      9      7
 -8.608328E-01  1.372445E-01  6.501133E-04      1      0      2     14      9      7
 -1.199646E+00  1.765069E-01  1.163445E-05      1      0      2     14      9      7
 -1.848665E+00  4.162921E-01  5.825628E-05      1      0      2     14      9      7
 -1.058574E+00  2.857030E-01  5.818023E-04      1      0      2     14      9      7
 -1.095307E+00  3.673549E-01  1.071706E-03      1      0      2     14      9      7
 -6.698453E-01  9.681965E-02  4.555822E-03      1      0      2     14      9      7
 -4.005012E-01  9.452281E-02  1.928751E-03      1      0      2     14      9      7
 -1.206794E+00  1.916363E-01  5.548042E-06      1      0      2     14      9      7
 -1.177890E+00  2.197874E-01  4.239965E-03      1      0      2     14      9      7
 -7.740858E-01 -4.454092E-03  8.415655E-05      1      0      2     14      9      7
 -7.758710E-01  1.372911E-01  3.136245E-03      1      0      2     14      9      7
 -1.809132E+00  3.429065E-01  5.492476E-05      1      0      2     14      9      7
 -1.032782E+00  1.828265E-01  5.223476E-04      1      0      2     14      9      7
 -7.172749E-01  2.656114E-01  9.486625E-04      1      0      2     14      9      7
 -6.311191E-01  1.011473E-01  2.936550E-04      1      0      2     14      9      7
 -6.299170E-01  1.968543E-01  3.401687E-04      1      0      2     14      9      7
 -5.124948E-01  4.543442E-02  4.101970E-03      1      0      2     14      9      7
 -7.581233E-01 -1.299126E-02  1.156748E-04      1      0      2     14      9      7
 -1.334392E+00  3.032945E-01  4.370233E-04      1      0      2     14      9      7
 -1.045337E+00  9.617552E-02  1.802776E-05      1      0      2     14      9      7
 -4.390772E-01  3.316714E-03  1.428409E-04      1      0      2     14      9      7
 -6.559498E-01  1.145754E-01  9.147953E-04      1      0      2     14      9      7
 -8.463513E-01  1.983721E-01  8.642704E-04      1      0      2     14      9      7
 -9.531401E-01  2.641620E-01  1.818723E-03      1      0      2     14      9      7
 -7.079793E-01  1.487977E-01  4.527978E-03      1      0      2     14      9      7
 -1.117979E+00  2.045460E-01  1.307096E-05      1      0      2     14      9      7
 -8.895495E-01  6.116326E-02  2.611002E-05      1      0      2     14      9      7
 -1.046140E+00  1.680342E-01  2.299439E-03      1      0      2     14      9      7
 -6.481105E-01  9.061029E-02  2.471657E-04      1      0      2     14      9      7
 -4.498368E-01  1.551165E-01  1.508999E-03      1      0      2     14      9      7
 -1.396633E+00  1.958558E-01  3.949990E-05      1      0      2     14      9      7
 -5.973550E-01  8.020344E-02  7.558855E-04      1      0      2     14      9      7
 -9.205387E-01  2.266757E-01  4.074739E-03      1      0      2     14      9      7
 -5.708887E-01  8.424076E-02  3.826837E-03      1      0      2     14      9      7
 -1.549701E+00  2.861974E-01  9.598003E-05      1      0      2     14      9      7
 -1.396751E+00  1.222558E-01  6.037590E-04      1      0      2     14      9      7
 -9.067103E-01  2.617925E-01  1.023303E-03      1      0      2     14      9      7
 -8.590685E-01  2.019199E-01  6.450719E-04      1      0      2     14      9      7
 -1.928137E+00  3.446802E-01  5.477511E-06      1      0      2     14      9      7
 -9.030280E-01  2.190083E-01  5.507809E-04      1      0      2     14      9      7
 -8.177276E-01  1.867556E-01  2.351938E-04      1      0      2     14      9      7
 -6.092450E-01  1.230693E-01  2.224491E-03      1      0      2     14      9      7
 -1.015928E+00  1.883569E-01  7.217117E-05      1      0      2     14      9      7
 -9.252590E-01  3.367002E-01  3.102267E-04      1      0      2     14      9      7
 -1.308532E+00  2.011443E-01  1.492317E-05      1      0      2     14      9      7
 -5.496932E-01  7.902660E-02  2.552737E-03      1      0      2     14      9      7
 -1.018003E+00  1.937845E-01  1.602959E-03      1      0      2     14      9      7
 -3.657211E-01  1.422150E-01  7.099728E-04      1      0      2     14      9      7
 -1.184249E+00  2.834674E-01  1.898331E-04      1      0      2     14      9      7
 -4.233917E-01  9.097205E-02  3.001316E-03      1      0      2     14      9      7
 -8.508290E-01 -1.958882E-02  5.976504E-05      1      0      2     14      9      7
 -5.068861E-01  9.150924E-02  7.747143E-04      1      0      2     14      9      7
 -5.017718E-01  8.717361E-02  4.010463E-03      1      0      2     14      9      7
 -1.000374E+00  2.401032E-01  1.516113E-03      1      0      2     14      9      7
 -1.466288E+00  2.822269E-01  4.405683E-03      1      0      2     14      9      7
 -1.075598E+00  2.277251E-01  1.466925E-03      1      0      2     14      9      7
 -8.974227E-01 -2.829091E-02  1.159888E-05      1      0      2     14      9      7
 -1.005427E+00  2.508808E-01  2.010445E-03      1      0      2     14      9      7
 -8.874082E-01  1.180407E-01  2.564881E-04      1      0      2     14      9      7
 -4.312083E-01  2.015005E-01  2.817689E-03      1      0      2     14      9      7
 -9.871163E-01  1.475071E-01  1.491335E-03      1      0      2     14      9      7
 -6.382360E-01  7.305687E-02  4.214452E-04      1      0      2     14      9      7
 -4.676581E-01  5.527331E-02  2.087722E-03      1      0      2     14      9      7
 -7.561279E-01 -3.784281E-02  3.415671E-05      1      0      2     14      9      7
 -5.826263E-01  1.086047E-01  2.492755E-03      1      0      2     14      9      7
 -1.206900E+00  2.976708E-01  9.522320E-05      1      0      2     14      9      7
 -1.192152E+00  1.619251E-01  1.077471E-04      1      0      2     14      9      7
 -3.971856E-01  7.777493E-02  4.535583E-03      1      0      2     14      9      7
 -1.180843E+00  2.171876E-01  1.054410E-04      1      0      2     14      9      7
 -1.089183E+00  3.266302E-01  4.396483E-03      1      0      2     14      9      7
 -1.214341E+00  2.233257E-01  3.212664E-05      1      0      2     14      9      7
 -9.740228E-01  2.340490E-01  5.501799E-04      1      0      2     14      9      7
 -7.890498E-01  5.344528E-02  1.637672E-04      1      0      2     14      9      7
 -1.395036E+00  2.584617E-01  4.550548E-03      1      0      2     14      9      7
 -6.640943E-01  1.618055E-01  2.679816E-03      1      0      2     14      9      7
 -7.719143E-01  1.218208E-03  3.446214E-04      1      0      2     14      9      7
 -3.900102E-01  6.576024E-02  4.167594E-04      1      0      2     14      9      7
 -1.441614E+00  3.277949E-01  2.149299E-05      1      0      2     14      9      7
 -7.046200E-01  1.228795E-01  1.612649E-04      1      0      2     14      9      7
 -9.168031E-01  4.424541E-02  2.477913E-05      1      0      2     14      9      7
 -1.202435E+00  2.984241E-01  4.906270E-05      1      0      2     14      9      7
 -8.718575E-01  2.372844E-01  2.554332E-03      1      0      2     14      9      7
 -6.157197E-01  4.796126E-02  1.864599E-04      1      0      2     14      9      7
 -7.130173E-01  1.633672E-01  2.808367E-03      1      0      2     14      9      7
 -1.247699E+00  2.940572E-01  7.138244E-04      1      0      2     14      9      7
 -6.936459E-01  1.518879E-01  6.379574E-04      1      0      2     14      9      7
 -1.078200E+00  1.002547E-01  4.940248E-04      1      0      2     14      9      7
 -7.731362E-01  9.666711E-02  5.842433E-04      1      0      2     14      9      7
 -8.836807E-01  1.780178E-01  5.057391E-04      1      0      2     14      9      7
 -9.504083E-01  1.391011E-01  5.184470E-05      1      0      2     14      9      7
 -4.804232E-01  1.012735E-01  9.738084E-04      1      0      2     14      9      7
 -4.573883E-01  1.389791E-01  2.729495E-03      1      0      2     14      9      7
 -1.261781E+00  2.055881E-01  1.260361E-04      1      0      2     14      9      7
 -1.048500E+00  2.452585E-01  2.851912E-04      1      0      2     14      9      7
 -6.641075E-01  1.845213E-01  2.474969E-03      1      0      2     14      9      7
 -6.302297E-01  1.443219E-01  4.375385E-03      1      0      2     14      9      7
 -6.624563E-01  1.543973E-01  2.564881E-04      1      0      2     14      9      7
 -8.756521E-01  9.481903E-02  2.861725E-04      1      0      2     14      9      7
 -5.496932E-01  7.902660E-02  2.552737E-03      1      0      2     14      9      7
 -5.133832E-01  9.250688E-02  1.066492E-03      1      0      2     14      9      7
 -5.357189E-01  1.176628E-01  2.509928E-03      1      0      2     14      9      7
 -9.404339E-01  1.004488E-01  1.867542E-05      1      0      2     14      9      7
 -9.293909E-01  1.230111E-01  1.299859E-04      1      0      2     14      9      7
 -8.533178E-01  4.691401E-02  2.350098E-04      1      0      2     14      9      7
 -9.913270E-01  2.423794E-01  3.737293E-03      1      0      2     14      9      7
 -8.998868E-01  9.446593E-02  3.020942E-05      1      0      2     14      9      7
 -1.990790E+00  3.308994E-01  3.148634E-04      1      0      2     14      9      7
 -8.472664E-01  1.560716E-02  2.929680E-05      1      0      2     14      9      7
 -6.624281E-01  8.772993E-02  2.916923E-04      1      0      2     14      9      7
 -8.008648E-01  4.427113E-02  4.524421E-05      1      0      2     14      9      7
 -1.085024E+00  1.994951E-01  1.785113E-04      1      0      2     14      9      7
 -3.300218E-01  6.447901E-02  9.744463E-04      1      0      2     14      9      7
 -1.186284E+00  1.260248E-01  8.725502E-05      1      0      2     14      9      7
 -5.297059E-01  7.935542E-02  1.737765E-03      1      0      2     14      9      7
 -9.595188E-01  5.570075E-02  1.211922E-04      1      0      2     14      9      7
 -1.016947E+00  1.734620E-01  9.695275E-05      1      0      2     14      9      7
 -6.833094E-01  2.008345E-01  4.010218E-03      1      0      2     14      9      7
 -1.419736E+00  3.146284E-01  1.228959E-04      1      0      2     14      9      7
 -5.481418E-01  1.859596E-02  4.483083E-03      1      0      2     14      9      7
 -7.545691E-01 -3.802333E-02  1.824365E-04      1      0      2     14      9      7
 -1.803070E+00  3.321686E-01  2.670248E-05      1      0      2     14      9      7
 -5.392519E-01  2.865087E-02  6.913158E-04      1      0      2     14      9      7
 -6.362672E-01  1.887605E-01  2.126729E-03      1      0      2     14      9      7
 -9.742145E-01  1.139642E-01  4.606728E-05      1      0      2     14      9      7
 -8.964575E-01  2.124306E-01  4.522090E-03      1      0      2     14      9      7
 -1.297501E+00  3.011254E-01  3.066327E-03      1      0      2     14      9      7
 -5.037037E-01  1.559501E-01  3.004137E-03      1      0      2     14      9      7
 -4.544671E-01 -2.386803E-02  7.025762E-04      1      0      2     14      9      7
 -1.096757E+00  1.681090E-01  1.197239E-05      1      0      2     14      9      7
 -1.106944E+00  3.651344E-02  1.076563E-05      1      0      2     14      9      7
 -9.188088E-01  1.751478E-01  1.433561E-03      1      0      2     14      9      7
 -7.074904E-01  1.134222E-01  5.644578E-04      1      0      2     14      9      7
 -4.403010E-01  3.290347E-03  2.151016E-03      1      0      2     14      9      7
 -4.212433E-01  2.877479E-02  4.544047E-03      1      0      2     14      9      7
 -7.559619E-01  1.389553E-01  6.741307E-04      1      0      2     14      9      7
 -1.055297E+00  1.669155E-01  2.667795E-04      1      0      2     14      9      7
 -1.013248E+00 -1.097640E-02  1.865089E-05      1      0      2     14      9      7
 -1.296422E+00  2.357486E-01  4.219481E-06      1      0      2     14      9      7
 -5.675834E-01  1.866221E-01  1.246991E-04      1      0      2     14      9      7
 -6.899552E-01  1.645999E-01  4.430829E-03      1      0      2     14      9      7
 -7.163247E-01  1.010891E-01  1.019782E-03      1      0      2     14      9      7
 -4.966117E-01  1.042200E-01  2.058651E-03      1      0      2     14      9      7
 -7.654254E-01 -9.608425E-02  3.788689E-05      1      0      2     14      9      7
 -1.805143E+00  4.170048E-01  1.779103E-04      1      0      2     14      9      7
 -7.177564E-01  8.632589E-02  4.361156E-04      1      0      2     14      9      7
 -1.014935E+00  2.741488E-01  3.779980E-04      1      0      2     14      9      7
 -1.313403E+00  2.893902E-01  1.245274E-03      1      0      2     14      9      7
 -7.012001E-01  2.231765E-01  9.515083E-04      1      0      2     14      9      7
 -2.035996E+00  4.328280E-01  2.858168E-04      1      0      2     14      9      7
 -8.913247E-01  1.819038E-01  1.364993E-03      1      0      2     14      9      7
 -2.462457E+00  4.692666E-01  1.556592E-03      1      0      2     14      9      7
 -5.859278E-01  1.625056E-01  2.813273E-03      1      0      2     14      9      7
 -9.463384E-01  1.551728E-01  9.084291E-05      1      0      2     14      9      7
 -4.068443E-01  2.858987E-02  2.939861E-03      1      0      2     14      9      7
 -1.308919E+00  2.902559E-01  1.649203E-03      1      0      2     14      9      7
 -1.066460E+00  1.600195E-01  6.087269E-05      1      0      2     14      9      7
 -1.886867E+00  4.471289E-01  4.836843E-04      1      0      2     14      9      7
 -4.742581E-01  1.265492E-02  1.351132E-04      1      0      2     14      9      7
 -7.138928E-01  1.150919E-01  1.633256E-03      1      0      2     14      9      7
 -1.269410E+00  2.139729E-01  3.832111E-03      1      0      2     14      9      7
 -8.216600E-01 -6.062885E-02  1.156613E-04      1      0      2     14      9      7
 -1.832777E+00  2.501110E-01  4.970055E-05      1      0      2     14      9      7
 -1.192608E+00  1.653927E-01  2.975802E-03      1      0      2     14      9      7
 -1.523281E+00  3.251584E-01  4.260082E-03      1      0      2     14      9      7
 -7.988523E-01  9.504700E-02  8.205166E-05      1      0      2     14      9      7
 -5.121389E-01  1.273908E-01  1.689927E-03      1      0      2     14      9      7
 -1.177192E+00  3.856665E-01  7.174920E-05      1      0      2     14      9      7
 -1.077784E+00  1.199412E-01  3.820458E-06      1      0      2     14      9      7
 -4.442185E-01  1.371418E-01  1.456499E-03      1      0      2     14      9      7
 -9.943742E-01  1.279189E-01  3.555874E-04      1      0      2     14      9      7
 -5.875061E-01  1.575064E-01  1.301821E-03      1      0      2     14      9      7
 -9.210096E-01  1.054208E-01  1.338252E-05      1      0      2     14      9      7
 -1.437937E+00  2.588725E-01  1.634238E-05      1      0      2     14      9      7
 -7.767218E-01 -8.533029E-03  3.014686E-05      1      0      2     14      9      7
 -1.440659E+00  3.000929E-01  1.136300E-03      1      0      2     14      9      7
 -4.064013E-01  2.575365E-02  1.010767E-03      1      0      2     14      9      7
 -9.256168E-01  2.140091E-01  4.145270E-04      1      0      2     14      9      7
 -7.872446E-01  8.710144E-02  7.798538E-04      1      0      2     14      9      7
 -1.020645E+00  2.481042E-01  2.576289E-04      1      0      2     14      9      7
 -8.148736E-01  2.027503E-01  5.158220E-04      1      0      2     14      9      7
 -1.640523E+00  3.952902E-01  5.601524E-05      1      0      2     14      9      7
 -1.833263E+00  3.417324E-01  6.292729E-04      1      0      2     14      9      7
 -9.816345E-01  1.083463E-01  3.135141E-06      1      0      2     14      9      7
 -1.434945E+00  2.693462E-01  3.096011E-03      1      0      2     14      9      7
 -7.310360E-01  6.732086E-02  1.566896E-03      1      0      2     14      9      7
 -9.012763E-01  2.578873E-02  2.095695E-04      1      0      2     14      9      7
 -9.728339E-01  1.700152E-01  1.405594E-04      1      0      2     14      9      7
 -8.693551E-01  1.407356E-01  2.665833E-03      1      0      2     14      9      7
 -7.417895E-01  1.795295E-01  2.949797E-03      1      0      2     14      9      7
 -7.441212E-01  1.114163E-01  3.630576E-03      1      0      2     14      9      7
 -8.148736E-01  2.027503E-01  5.158220E-04      1      0      2     14      9      7
 -1.080190E+00  1.681226E-01  4.509210E-03      1      0      2     14      9      7
 -1.378266E+00  2.262634E-01  1.977080E-04      1      0      2     14      9      7
 -6.817163E-01  2.947544E-02  5.788707E-04      1      0      2     14      9      7
 -6.099413E-01  9.880803E-02  4.546255E-03      1      0      2     14      9      7
 -7.738968E-01  2.486905E-01  3.659770E-03      1      0      2     14      9      7
 -8.214770E-01 -1.985085E-03  4.124049E-05      1      0      2     14      9      7
 -6.082985E-01  1.419376E-01  5.200538E-04      1      0      2     14      9      7
 -1.219515E+00  2.343464E-01  3.725149E-06      1      0      2     14      9      7
 -1.215953E+00  1.672049E-01  1.849511E-05      1      0      2     14      9      7
 -5.776992E-01  2.565759E-02  9.413027E-04      1      0      2     14      9      7
 -1.199951E+00  1.795052E-01  1.471219E-05      1      0      2     14      9      7
 -6.522598E-01  8.239715E-02  2.097903E-04      1      0      2     14      9      7
 -1.206058E+00  2.022242E-01  3.966550E-05      1      0      2     14      9      7
 -4.177672E-01  1.397054E-01  1.541382E-03      1      0      2     14      9      7
 -1.108668E+00  1.255587E-01  3.061911E-05      1      0      2     14      9      7
 -1.015179E+00  9.815258E-02  4.053027E-04      1      0      2     14      9      7
 -1.007595E+00 -9.702127E-02  4.975820E-05      1      0      2     14      9      7
 -4.342923E-01  7.550800E-02  2.326302E-03      1      0      2     14      9      7
 -6.831152E-01  7.426846E-02  1.325986E-04      1      0      2     14      9      7
 -9.678940E-01  2.588554E-01  2.603888E-04      1      0      2     14      9      7
 -1.558783E+00  3.226655E-01  7.804917E-04      1      0      2     14      9      7
 -1.063109E+00  2.689576E-01  3.331892E-04      1      0      2     14      9      7
 -1.025682E+00  1.106411E-01  1.940036E-06      1      0      2     14      9      7
 -9.290154E-01  2.160805E-01  8.784012E-04      1      0      2     14      9      7
 -1.704625E+00  3.974341E-01  2.955562E-03      1      0      2     14      9      7
 -1.085306E+00  1.779965E-01  1.782414E-05      1      0      2     14      9      7
 -7.848623E-01  1.958007E-01  4.718719E-05      1      0      2     14      9      7
 -1.197539E+00  1.938027E-01  2.187202E-04      1      0      2     14      9      7
 -6.735366E-01  3.619109E-02  4.841382E-04      1      0      2     14      9      7
 -7.470889E-01  1.203312E-01  4.059160E-03      1      0      2     14      9      7
 -1.037196E+00  2.030235E-01  9.113853E-05      1      0      2     14      9      7
 -9.787142E-01  1.675337E-01  7.032877E-04      1      0      2     14      9      7
 -7.487613E-01  8.645554E-02  4.278727E-03      1      0      2     14      9      7
 -7.559619E-01  1.389553E-01  6.741307E-04      1      0      2     14      9      7
 -7.974178E-01  9.466975E-02  3.614507E-04      1      0      2     14      9      7
 -8.216837E-01  9.371854E-02  7.709608E-04      1      0      2     14      9      7
 -6.129563E-01  5.075585E-02  5.217466E-05      1      0      2     14      9      7
 -1.040430E+00  1.511284E-01  3.113552E-04      1      0      2     14      9      7
 -1.171834E+00  2.838458E-01  2.784202E-04      1      0      2     14      9      7
 -6.507979E-01  1.005055E-01  3.670442E-04      1      0      2     14      9      7
 -3.876898E-01  4.452894E-02  1.721083E-03      1      0      2     14      9      7
 -6.215573E-01  5.560752E-02  5.906095E-04      1      0      2     14      9      7
 -1.244011E+00  2.881418E-01  3.243452E-03      1      0      2     14      9      7
 -4.720504E-01  5.593641E-02  3.932082E-03      1      0      2     14      9      7
 -5.401816E-01  5.326379E-02  1.682322E-04      1      0      2     14      9      7
 -5.944078E-01  1.184779E-01  2.807754E-04      1      0      2     14      9      7
 -1.323206E+00  2.504594E-01  3.888414E-05      1      0      2     14      9      7
 -1.420655E+00  2.876586E-01  8.576712E-05      1      0      2     14      9      7
 -6.716594E-01 -3.495503E-02  1.431599E-04      1      0      2     14      9      7
 -4.720504E-01  5.593641E-02  3.932082E-03      1      0      2     14      9      7
 -1.486168E+00  2.868696E-01  4.561956E-03      1      0      2     14      9      7
 -1.107862E+00  3.028214E-01  4.560361E-04      1      0      2     14      9      7
 -1.002667E+00  1.513917E-01  2.349976E-03      1      0      2     14      9      7
 -4.630636E-01  3.063162E-02  4.731966E-04      1      0      2     14      9      7
 -1.069275E+00  2.002467E-01  2.885644E-04      1      0      2     14      9      7
 -7.972030E-01  7.976725E-02  4.369865E-05      1      0      2     14      9      7
 -6.643421E-01  8.574248E-02  3.545203E-03      1      0      2     14      9      7
 -1.297477E+00  1.961597E-01  1.063733E-05      1      0      2     14      9      7
 -1.913964E+00  3.354392E-01  4.514485E-04      1      0      2     14      9      7
 -5.526938E-01  3.590056E-02  3.935271E-03      1      0      2     14      9      7
 -1.301414E+00  3.753501E-01  1.193215E-04      1      0      2     14      9      7
 -5.762336E-01  1.155371E-01  2.240806E-03      1      0      2     14      9      7
 -4.630636E-01  3.063162E-02  4.731966E-04      1      0      2     14      9      7
 -1.030983E+00  2.081573E-01  3.228119E-04      1      0      2     14      9      7
 -1.222101E+00  2.774323E-01  1.849879E-03      1      0      2     14      9      7
 -1.045983E+00  5.818890E-02  1.527030E-05      1      0      2     14      9      7
 -1.640339E+00  2.810973E-01  4.127852E-04      1      0      2     14      9      7
 -7.900705E-01  2.692329E-01  3.634256E-03      1      0      2     14      9      7
 -1.975854E+00  3.698326E-01  1.436996E-03      1      0      2     14      9      7
 -9.308784E-01  9.707868E-02  5.679782E-05      1      0      2     14      9      7
 -1.135097E+00  1.532306E-01  3.053202E-04      1      0      2     14      9      7
 -1.203586E+00  2.749613E-01  4.143798E-04      1      0      2     14      9      7
 -6.267755E-01  7.504359E-02  1.702070E-03      1      0      2     14      9      7
 -1.317642E+00  3.660698E-01  4.238003E-04      1      0      2     14      9      7
 -1.260089E+00  2.334491E-01  1.779593E-05      1      0      2     14      9      7
 -6.899552E-01  1.645999E-01  4.430829E-03      1      0      2     14      9      7
 -9.070277E-01  2.513229E-01  6.791108E-05      1      0      2     14      9      7
 -8.840590E-01  2.567245E-01  3.135386E-04      1      0      2     14      9      7
 -7.079793E-01  1.487977E-01  4.527978E-03      1      0      2     14      9      7
 -1.123980E+00  1.687930E-01  2.124767E-05      1      0      2     14      9      7
 -1.237881E+00  2.654929E-01  3.422663E-04      1      0      2     14      9      7
 -1.054028E+00  1.506480E-01  3.262588E-04      1      0      2     14      9      7
 -6.609514E-01 -2.978077E-02  2.987455E-05      1      0      2     14      9      7
 -1.139634E+00  1.275228E-01  1.015649E-05      1      0      2     14      9      7
 -2.778538E+00  5.932924E-01  6.261572E-04      1      0      2     14      9      7
 -6.578035E-01  1.106324E-01  1.077140E-03      1      0      2     14      9      7
 -1.226714E+00  2.579484E-01  6.176444E-04      1      0      2     14      9      7
 -1.533942E+00  2.622995E-01  1.083788E-05      1      0      2     14      9      7
 -9.259354E-01 -4.783978E-02  4.168944E-06      1      0      2     14      9      7
 -4.897865E-01  8.714660E-02  4.260450E-03      1      0      2     14      9      7
 -8.613909E-01  2.337320E-01  5.227647E-04      1      0      2     14      9      7
 -3.758827E+00  8.776994E-01  2.375980E-04      1      0      2     14      9      7
 -1.140887E+00  2.965540E-01  5.797784E-05      1      0      2     14      9      7
 -6.833094E-01  2.008345E-01  4.010218E-03      1      0      2     14      9      7
 -5.044460E-01  1.552944E-02  3.562866E-03      1      0      2     14      9      7
 -7.203212E-01  1.436801E-01  3.576482E-03      1      0      2     14      9      7
 -5.920750E-01  1.501486E-01  1.677660E-03      1      0      2     14      9      7
 -5.360162E-01  1.379831E-02  3.107296E-03      1      0      2     14      9      7
 -7.715146E-01  1.730166E-01  4.163914E-03      1      0      2     14      9      7
 -1.394068E+00  2.747374E-01  1.207543E-03      1      0      2     14      9      7
 -7.210773E-01  9.490871E-02  4.565390E-03      1      0      2     14      9      7
 -7.856346E-01 -7.564420E-02  5.300018E-06      1      0      2     14      9      7
 -1.812692E+00  3.593482E-01  1.844482E-03      1      0      2     14      9      7
 -6.345810E-01  1.538910E-01  3.561149E-03      1      0      2     14      9      7
 -2.392977E+00  4.770767E-01  2.616154E-04      1      0      2     14      9      7
 -1.367788E+00  2.072905E-01  3.516132E-04      1      0      2     14      9      7
 -1.245350E+00  3.211789E-01  2.227926E-04      1      0      2     14      9      7
 -1.390589E+00  2.220633E-01  2.942560E-04      1      0      2     14      9      7
 -8.150350E-01 -6.666237E-02  1.203642E-04      1      0      2     14      9      7
 -6.061109E-01  3.400145E-02  2.108575E-03      1      0      2     14      9      7
 -6.304556E-01  9.098644E-02  2.135316E-03      1      0      2     14      9      7
 -1.217002E+00 -5.186902E-02  5.934185E-06      1      1      2     14      7      1
 -1.833331E+00  2.076387E-01  1.135674E-07      1      1      2     14      7      1
 -1.641356E+00  2.355383E-01  1.860305E-07      1      1      2     14      7      1
 -1.348639E+00  9.930531E-02  1.211725E-06      1      1      2     14      7      1
 -1.314984E+00  2.498362E-01  8.162848E-05      1      1      2     14      7      1
 -1.379872E+00  2.304015E-01  3.028424E-06      1      1      2     14      7      1
 -1.483309E+00  2.793757E-01  5.635624E-06      1      1      2     14      7      1
 -1.167626E+00  1.787213E-01  2.336360E-05      1      1      2     14      7      1
 -1.192491E+00  2.066834E-01  1.191707E-04      1      1      2     14      7      1
 -1.443033E+00  2.780198E-01  6.284020E-06      1      1      2     14      7      1
 -1.514019E+00  3.486494E-01  8.264535E-06      1      1      2     14      7      1
 -1.270759E+00  1.370726E-01  2.651481E-06      1      1      2     14      7      1
 -1.270036E+00  2.725117E-01  1.043027E-05      1      1      2     14      7      1
 -1.782043E+00  3.720525E-01  1.164819E-06      1      1      2     14      7      1
 -1.433646E+00  3.326330E-01  1.405471E-05      1      1      2     14      7      1
 -1.630182E+00  2.525090E-01  8.298512E-07      1      1      2     14      7      1
 -1.062210E+00  1.731934E-01  6.577307E-06      1      1      2     14      7      1
 -1.649455E+00  3.757376E-01  6.069605E-06      1      1      2     14      7      1
 -2.194736E+00  3.019897E-01  6.918800E-06      1      1      2     14      7      1
 -1.154235E+00  2.759461E-01  1.605780E-05      1      1      2     14      7      1
 -1.119890E+00  3.080904E-01  1.594127E-05      1      1      2     14      7      1
 -1.193797E+00  2.205338E-01  1.711270E-06      1      1      2     14      7      1
 -1.499899E+00  3.948219E-01  1.984318E-06      1      1      2     14      7      1
 -1.421726E+00  2.682953E-01  1.480173E-05      1      1      2     14      7      1
 -1.738041E+00  3.484566E-01  2.718946E-07      1      1      2     14      7      1
 -1.049884E+00  2.557848E-01  1.064959E-04      1      1      2     14      7      1
 -1.374767E+00  2.788740E-01  6.665133E-06      1      1      2     14      7      1
 -1.216516E+00  2.323563E-01  4.648433E-05      1      1      2     14      7      1
 -1.378541E+00  6.389052E-02  1.243188E-05      1      1      2     14      7      1
 -1.566012E+00  2.528302E-01  2.074352E-05      1      1      2     14      7      1
 -2.060189E+00  4.279733E-01  4.613597E-06      1      1      2     14      7      1
 -3.466739E+00  8.180491E-01  1.366342E-05      1      1      2     14      7      1
 -1.299526E+00  3.277201E-01  7.831535E-06      1      1      2     14      7      1
 -1.286033E+00  5.382700E-02  1.120341E-06      1      1      2     14      7      1
 -1.601290E+00  1.400494E-01  3.239404E-07      1      1      2     14      7      1
 -1.758633E+00  2.999804E-01  4.663030E-06      1      1      2     14      7      1
 -1.529324E+00  1.619444E-01  5.605817E-07      1      1      2     14      7      1
 -1.497245E+00  6.575249E-02  7.212333E-07      1      1      2     14      7      1
 -1.361313E+00  1.119154E-01  3.743181E-06      1      1      2     14      7      1
 -2.195031E+00  4.547776E-01  1.075484E-05      1      1      2     14      7      1
 -1.356524E+00 -1.949226E-01  2.058529E-07      1      1      2     14      7      1
 -1.799962E+00  2.168459E-01  5.454941E-07      1      1      2     14      7      1
 -1.476118E+00  2.128294E-01  1.225145E-07      1      1      2     14      7      1
 -1.556256E+00  2.753123E-01  9.076441E-07      1      1      2     14      7      1
 -1.398283E+00  9.794756E-02  2.283983E-06      1      1      2     14      7      1
 -3.168723E+00  8.088228E-01  3.731282E-06      1      1      2     14      7      1
 -1.219002E+00  9.770034E-02  6.395520E-07      1      1      2     14      7      1
 -1.185740E+00  1.607090E-01  8.888275E-06      1      1      2     14      7      1
 -1.187926E+00  3.018891E-01  4.608813E-05      1      1      2     14      7      1
