 -4.997443E-01 -7.143383E-02  2.264254E-03      0      0      0      2      9      7
 -6.062613E-01 -4.200316E-02  1.445251E-03      0      0      0      2      9      7
 -7.196614E-01  2.789218E-02  1.970166E-03      0      0      0      2      9      7
 -6.092285E-01 -5.298746E-02  3.335992E-04      0      0      0      2      9      7
 -8.585828E-01  1.216226E-01  2.361926E-03      0      0      0      2      9      7
 -5.813005E-01 -6.559494E-02  2.432828E-03      0      0      0      2      9      7
 -1.040626E+00  1.485445E-01  9.273448E-04      0      0      0      2      9      7
 -6.763954E-01 -4.565022E-02  6.228577E-04      0      0      0      2      9      7
 -7.299749E-01  2.478465E-01  7.693780E-04      0      0      0      2      9      7
 -8.496656E-01  1.064929E-01  5.762632E-04      0      0      0      2      9      7
 -5.764956E-01 -4.089773E-02  2.182872E-04      0      0      0      2      9      7
 -7.318396E-01  2.875034E-02  2.460545E-03      0      0      0      2      9      7
 -7.617999E-01  2.861226E-02  3.165334E-04      0      0      0      2      9      7
 -5.109370E-01 -8.285463E-02  1.098886E-03      0      0      0      2      9      7
 -6.210012E-01 -3.537170E-02  8.786036E-04      0      0      0      2      9      7
 -7.402524E-01  2.626744E-02  7.427345E-04      0      0      0      2      9      7
 -7.737852E-01  9.604306E-02  3.284220E-04      0      0      0      2      9      7
 -6.869695E-01  3.047015E-02  8.631353E-04      0      0      0      2      9      7
 -5.372832E-01 -3.780479E-02  2.435038E-03      0      0      0      2      9      7
 -5.937593E-01  3.720290E-02  1.124267E-03      0      0      0      2      9      7
 -4.798219E-01 -1.209292E-01  1.893708E-03      0      0      0      2      9      7
 -1.281636E+00  2.431108E-01  6.840810E-04      0      0      0      2      9      7
 -4.853138E-01 -1.051941E-01  2.424810E-03      0      0      0      2      9      7
 -4.482256E-01 -8.078950E-02  1.211016E-03      0      0      0      2      9      7
 -6.022998E-01 -6.819915E-02  9.762754E-04      0      0      0      2      9      7
 -5.838208E-01 -8.704747E-02  6.412115E-04      0      0      0      2      9      7
 -6.367420E-01 -1.064944E-01  3.003201E-04      0      0      0      2      9      7
 -5.952472E-01 -1.299971E-01  7.028955E-04      0      0      0      2      9      7
 -5.427195E-01 -6.501166E-02  2.268674E-04      0      0      0      2      9      7
 -6.800202E-01  6.193370E-02  1.518237E-03      0      0      0      2      9      7
 -5.215977E-01 -4.743125E-02  1.502326E-03      0      0      0      2      9      7
 -5.434741E-01 -1.393974E-01  6.359080E-04      0      0      0      2      9      7
 -6.781686E-01  9.368230E-03  1.240437E-03      0      0      0      2      9      7
 -1.193664E+00  2.341322E-01  8.145835E-04      0      0      0      2      9      7
 -6.162832E-01  2.821684E-02  2.384213E-03      0      0      0      2      9      7
 -1.116458E+00  2.560543E-01  1.947247E-04      0      0      0      2      9      7
 -6.589623E-01 -1.712036E-01  3.631595E-04      0      0      0      2      9      7
 -5.415574E-01 -5.957885E-02  1.854311E-03      0      0      0      2      9      7
 -4.902038E-01  1.192981E-02  2.079770E-04      0      0      0      2      9      7
 -6.794745E-01 -1.720090E-02  1.856268E-03      0      0      0      2      9      7
 -4.430818E-01 -8.787540E-02  7.463964E-04      0      0      0      2      9      7
 -4.277550E-01 -8.506147E-02  1.378895E-03      0      0      0      2      9      7
 -4.159725E-01 -1.164766E-01  1.705499E-03      0      0      0      2      9      7
 -5.715320E-01 -1.070207E-01  1.864349E-03      0      0      0      2      9      7
 -9.765264E-01  1.449370E-01  2.427461E-03      0      0      0      2      9      7
 -6.760561E-01  3.767454E-02  1.769393E-03      0      0      0      2      9      7
 -9.055259E-01  6.183834E-02  2.702609E-04      0      0      0      2      9      7
 -5.907123E-01 -2.103676E-02  1.370498E-03      0      0      0      2      9      7
 -6.270610E-01 -6.438039E-03  1.303384E-03      0      0      0      2      9      7
 -5.789352E-01 -3.243526E-02  8.713430E-04      0      0      0      2      9      7
 -4.592254E-01 -4.272952E-02  2.120998E-04      0      0      0      2      9      7
 -6.945461E-01  5.619063E-02  7.981681E-04      0      0      0      2      9      7
 -6.687810E-01  2.065626E-02  1.365131E-04      0      0      0      2      9      7
 -5.651072E-01 -2.784100E-02  3.363393E-04      0      0      0      2      9      7
 -8.916857E-01  9.612792E-02  1.623611E-04      0      0      0      2      9      7
 -5.530832E-01 -5.935057E-02  9.182532E-04      0      0      0      2      9      7
 -6.497781E-01 -2.964960E-02  1.999966E-03      0      0      0      2      9      7
 -5.938141E-01 -2.398199E-02  2.065123E-04      0      0      0      2      9      7
 -4.684131E-01 -8.579928E-02  1.159244E-03      0      0      0      2      9      7
 -9.220414E-01  1.384306E-01  1.459836E-03      0      0      0      2      9      7
 -5.454491E-01 -1.291387E-01  1.659030E-03      0      0      0      2      9      7
 -6.032615E-01 -8.114428E-02  1.722672E-03      0      0      0      2      9      7
 -5.990517E-01  6.973026E-03  2.535803E-04      0      0      0      2      9      7
 -8.880427E-01 -6.847653E-02  2.039174E-03      0      0      0      2      9      7
 -8.342308E-01 -9.170267E-03  9.959107E-04      0      0      0      2      9      7
 -5.639667E-01 -1.248532E-01  2.175232E-03      0      0      0      2      9      7
 -7.479141E-01  4.651867E-02  3.419268E-04      0      0      0      2      9      7
 -6.294005E-01 -2.301212E-02  1.065297E-03      0      0      0      2      9      7
 -6.082499E-01  3.193162E-03  4.004478E-04      0      0      0      2      9      7
 -6.210106E-01 -1.690386E-01  1.480986E-03      0      0      0      2      9      7
 -5.626150E-01 -1.223150E-01  2.453915E-03      0      0      0      2      9      7
 -5.765496E-01 -5.897550E-02  1.905072E-03      0      0      0      2      9      7
 -4.745276E-01 -1.781972E-01  9.771593E-04      0      0      0      2      9      7
 -6.579637E-01  3.248064E-02  1.004687E-03      0      0      0      2      9      7
 -5.346043E-01 -8.664391E-02  2.485105E-04      0      0      0      2      9      7
 -6.645718E-01 -4.332493E-02  4.345477E-04      0      0      0      2      9      7
 -5.297636E-01 -5.296768E-02  1.574049E-03      0      0      0      2      9      7
 -7.068694E-01 -2.209102E-02  5.757581E-04      0      0      0      2      9      7
 -7.594620E-01  1.643532E-02  1.491593E-04      0      0      0      2      9      7
 -5.840800E-01 -1.080604E-01  4.654781E-04      0      0      0      2      9      7
 -5.072600E-01 -1.063159E-01  2.204591E-03      0      0      0      2      9      7
 -6.674261E-01 -8.869956E-02  1.352694E-04      0      0      0      2      9      7
 -5.778885E-01  1.013082E-02  1.490646E-03      0      0      0      2      9      7
 -6.470645E-01 -1.082942E-01  3.074229E-04      0      0      0      2      9      7
 -5.059985E-01 -1.024702E-01  1.345496E-03      0      0      0      2      9      7
 -5.297755E-01 -1.302366E-03  1.219602E-03      0      0      0      2      9      7
 -5.432047E-01 -1.291199E-02  9.896603E-05      0      0      0      2      9      7
 -6.046439E-01  4.839653E-02  1.109303E-03      0      0      0      2      9      7
 -5.581375E-01 -1.338445E-01  2.012467E-03      0      0      0      2      9      7
 -8.798639E-01  7.223064E-02  6.770728E-04      0      0      0      2      9      7
 -6.031813E-01  6.602837E-02  1.448471E-03      0      0      0      2      9      7
 -1.326525E+00  2.752193E-01  1.649749E-03      0      0      0      2      9      7
 -7.100624E-01 -2.731168E-02  1.086953E-03      0      0      0      2      9      7
 -7.205491E-01  1.387392E-01  1.294608E-03      0      0      0      2      9      7
 -9.721559E-01  1.821439E-01  2.238053E-03      0      0      0      2      9      7
 -5.150639E-01 -3.540013E-03  3.537207E-04      0      0      0      2      9      7
 -4.947769E-01 -7.689353E-02  1.594568E-03      0      0      0      2      9      7
 -5.474448E-01 -6.612560E-02  9.181269E-04      0      0      0      2      9      7
 -5.954859E-01 -1.495658E-02  1.860246E-03      0      0      0      2      9      7
 -7.111496E-01 -1.352203E-02  2.967907E-04      0      0      0      2      9      7
 -5.412981E-01 -7.736721E-02  1.105326E-03      0      0      0      2      9      7
 -6.866548E-01 -6.402045E-02  1.386724E-03      0      0      0      2      9      7
 -1.265953E+00  1.914863E-01  1.319736E-03      0      0      0      2      9      7
 -5.916109E-01 -5.368886E-02  4.733133E-04      0      0      0      2      9      7
 -5.581235E-01 -8.938784E-02  1.291893E-03      0      0      0      2      9      7
 -5.668032E-01 -4.466816E-02  1.013336E-03      0      0      0      2      9      7
 -7.163032E-01  5.808451E-02  2.581388E-04      0      0      0      2      9      7
 -6.074214E-01 -8.824707E-02  1.037770E-04      0      0      0      2      9      7
 -5.160359E-01  2.298530E-03  2.328780E-03      0      0      0      2      9      7
 -8.717158E-01  5.839756E-02  1.779431E-03      0      0      0      2      9      7
 -1.241022E+00  1.340338E-01  2.055337E-03      0      0      0      2      9      7
 -5.795494E-01 -4.243495E-02  1.916121E-03      0      0      0      2      9      7
 -4.978628E-01 -8.925047E-03  1.284254E-03      0      0      0      2      9      7
 -6.454535E-01  3.974280E-02  7.782171E-04      0      0      0      2      9      7
 -4.848606E-01 -8.276934E-02  7.086409E-04      0      0      0      2      9      7
 -1.118218E+00  1.529343E-01  1.899516E-03      0      0      0      2      9      7
 -8.926021E-01  1.609178E-02  5.223638E-04      0      0      0      2      9      7
 -1.294662E+00  2.286110E-01  1.740792E-03      0      0      0      2      9      7
 -5.687835E-01 -1.567258E-02  1.884995E-03      0      0      0      2      9      7
 -4.430818E-01 -8.787540E-02  7.463964E-04      0      0      0      2      9      7
 -7.303667E-01  6.183168E-02  2.427398E-04      0      0      0      2      9      7
 -9.270326E-01  1.022603E-01  1.031330E-04      0      0      0      2      9      7
 -5.268419E-01 -3.971394E-02  2.446087E-03      0      0      0      2      9      7
 -5.565980E-01 -6.437516E-02  2.410920E-03      0      0      0      2      9      7
 -8.766455E-01  9.645318E-02  1.093204E-03      0      0      0      2      9      7
 -5.162875E-01 -1.029600E-01  1.866243E-04      0      0      0      2      9      7
 -5.925077E-01 -5.992616E-02  1.165368E-03      0      0      0      2      9      7
 -1.217148E+00  2.525641E-01  2.209515E-03      0      0      0      2      9      7
 -6.993023E-01 -2.124526E-03  1.538061E-03      0      0      0      2      9      7
 -8.674965E-01  9.093889E-02  6.861644E-04      0      0      0      2      9      7
 -6.014138E-01 -2.560414E-02  1.646656E-03      0      0      0      2      9      7
 -7.609278E-01  5.377055E-02  1.796162E-03      0      0      0      2      9      7
 -6.614153E-01  3.280273E-02  1.478208E-03      0      0      0      2      9      7
 -7.397646E-01  3.104462E-02  7.756285E-04      0      0      0      2      9      7
 -5.255018E-01 -9.794397E-02  1.976479E-03      0      0      0      2      9      7
 -1.736598E+00  3.011161E-01  1.491972E-04      0      0      0      2      9      7
 -4.769295E-01  1.250539E-02  8.513919E-04      0      0      0      2      9      7
 -8.465725E-01  4.871485E-02  3.067663E-04      0      0      0      2      9      7
 -5.222444E-01  1.119553E-02  1.065297E-03      0      0      0      2      9      7
 -7.748570E-01  3.731195E-02  3.758310E-04      0      0      0      2      9      7
 -5.332740E-01  2.850463E-02  5.559397E-04      0      0      0      2      9      7
 -6.499491E-01 -1.289782E-01  2.063355E-03      0      0      0      2      9      7
 -6.176660E-01  5.809917E-02  2.237358E-03      0      0      0      2      9      7
 -5.997466E-01 -5.507559E-02  6.593947E-04      0      0      0      2      9      7
 -1.102913E+00  2.993125E-01  1.508387E-03      1      0      2     14      9      7
 -1.314827E+00  1.723890E-01  3.657229E-05      1      0      2     14      9      7
 -1.294778E+00  2.379634E-01  3.722575E-04      1      0      2     14      9      7
 -8.318189E-01 -2.282002E-02  1.607574E-04      1      0      2     14      9      7
 -9.012946E-01 -2.374635E-02  3.062801E-04      1      0      2     14      9      7
 -1.162225E+00  1.314791E-01  9.651634E-04      1      0      2     14      9      7
 -1.086008E+00  2.858254E-01  7.126817E-04      1      0      2     14      9      7
 -9.732341E-01  7.842343E-02  8.895894E-04      1      0      2     14      9      7
 -8.181674E-01  2.089090E-01  1.712381E-04      1      0      2     14      9      7
 -1.106040E+00  2.100673E-01  4.269524E-05      1      0      2     14      9      7
 -9.217477E-01  1.799372E-01  5.705305E-04      1      0      2     14      9      7
 -1.235403E+00  3.657961E-01  1.125529E-03      1      0      2     14      9      7
 -7.353701E-01  7.093542E-02  1.642173E-04      1      0      2     14      9      7
 -7.998886E-01  1.448601E-01  2.064176E-03      1      0      2     14      9      7
 -5.455428E-01 -2.222956E-02  4.951395E-03      1      0      2     14      9      7
 -1.412953E+00  2.080077E-01  1.181531E-04      1      0      2     14      9      7
 -9.987984E-01  1.812613E-01  6.950035E-04      1      0      2     14      9      7
 -1.139807E+00  2.251079E-01  7.019485E-04      1      0      2     14      9      7
 -1.142849E+00  1.540463E-01  6.086016E-04      1      0      2     14      9      7
 -1.174967E+00  1.810882E-01  6.556065E-04      1      0      2     14      9      7
 -1.088432E+00  2.604788E-01  2.598939E-03      1      0      2     14      9      7
 -1.016327E+00  1.073549E-01  4.457859E-04      1      0      2     14      9      7
 -9.764384E-01  8.686446E-02  8.812554E-05      1      0      2     14      9      7
 -9.236228E-01  5.497586E-02  1.725702E-04      1      0      2     14      9      7
 -7.346995E-01  1.047494E-01  1.702342E-03      1      0      2     14      9      7
 -1.189202E+00  2.698332E-01  7.647690E-04      1      0      2     14      9      7
 -1.414476E+00  2.775435E-01  4.286886E-05      1      0      2     14      9      7
 -9.798479E-01  1.421798E-01  1.986266E-04      1      0      2     14      9      7
 -7.471130E-01 -1.245954E-02  1.405412E-04      1      0      2     14      9      7
 -1.423987E+00  2.666482E-01  3.931619E-04      1      0      2     14      9      7
 -1.073736E+00  1.645886E-01  9.508315E-04      1      0      2     14      9      7
 -6.419648E-01  1.273828E-01  1.649118E-03      1      0      2     14      9      7
 -7.238137E-01  9.268809E-02  1.481870E-03      1      0      2     14      9      7
 -6.688995E-01 -4.958987E-02  1.987907E-03      1      0      2     14      9      7
 -1.085643E+00  1.763392E-01  2.090882E-04      1      0      2     14      9      7
 -6.441611E-01  1.082172E-02  4.894004E-04      1      0      2     14      9      7
 -5.934519E-01 -7.047169E-02  1.122183E-03      1      0      2     14      9      7
 -6.755177E-01 -1.961004E-02  1.407054E-03      1      0      2     14      9      7
 -1.178429E+00  2.316126E-01  5.702021E-04      1      0      2     14      9      7
 -9.952426E-01  5.204736E-02  7.325064E-05      1      0      2     14      9      7
 -1.005262E+00  2.205862E-01  1.785934E-03      1      0      2     14      9      7
 -1.473617E+00  2.350974E-01  1.416651E-03      1      0      2     14      9      7
 -8.367949E-01  9.921509E-02  7.479748E-04      1      0      2     14      9      7
 -7.484772E-01  6.289792E-02  2.831155E-04      1      0      2     14      9      7
 -6.623666E-01  1.351699E-01  3.129789E-03      1      0      2     14      9      7
 -1.226675E+00  2.085828E-01  2.249733E-03      1      0      2     14      9      7
 -1.881098E+00  4.251683E-01  6.360974E-03      1      0      2     14      9      7
 -8.235134E-01 -1.445933E-02  1.171619E-04      1      0      2     14      9      7
 -9.109401E-01  1.046470E-01  1.136326E-03      1      0      2     14      9      7
 -5.108967E-01  4.870441E-02  6.131095E-03      1      0      2     14      9      7
 -1.543735E+00  3.118702E-01  2.922323E-03      1      0      2     14      9      7
 -9.135095E-01 -3.062052E-02  7.599076E-04      1      0      2     14      9      7
 -1.668617E+00  2.735017E-01  5.907972E-04      1      0      2     14      9      7
 -5.755286E-01  1.045761E-01  2.437753E-03      1      0      2     14      9      7
 -7.151415E-01  1.316345E-01  1.341645E-03      1      0      2     14      9      7
 -1.151973E+00  2.167370E-01  1.073758E-03      1      0      2     14      9      7
 -6.975761E-01  7.819896E-02  4.515187E-04      1      0      2     14      9      7
 -6.054376E-01 -1.660569E-02  1.791869E-03      1      0      2     14      9      7
 -6.019525E-01 -3.934530E-02  1.025143E-03      1      0      2     14      9      7
 -1.112836E+00  7.240797E-02  1.898190E-04      1      0      2     14      9      7
 -1.258840E+00  1.471818E-01  5.559397E-04      1      0      2     14      9      7
 -6.931627E-01  1.298774E-02  5.191313E-03      1      0      2     14      9      7
 -6.248882E-01 -1.607596E-02  3.667962E-04      1      0      2     14      9      7
 -7.003868E-01  1.132694E-01  3.817658E-04      1      0      2     14      9      7
 -6.274369E-01  7.029950E-03  4.751884E-04      1      0      2     14      9      7
 -7.182960E-01  5.442320E-02  2.627666E-03      1      0      2     14      9      7
 -1.038207E+00  1.397953E-01  1.816492E-03      1      0      2     14      9      7
 -1.390137E+00  3.033014E-01  1.200788E-03      1      0      2     14      9      7
 -7.112141E-01  1.598863E-01  1.433950E-03      1      0      2     14      9      7
 -8.505219E-01  2.470376E-01  2.354918E-04      1      0      2     14      9      7
 -1.154085E+00  2.646882E-01  6.552277E-04      1      0      2     14      9      7
 -1.122687E+00  3.711486E-01  1.156466E-03      1      0      2     14      9      7
 -9.630432E-01  1.912869E-01  1.250160E-04      1      0      2     14      9      7
 -9.323366E-01  1.228562E-01  1.364689E-03      1      0      2     14      9      7
 -8.708886E-01  1.654607E-01  3.122970E-04      1      0      2     14      9      7
 -8.052207E-01  4.383244E-02  4.851892E-04      1      0      2     14      9      7
 -8.624629E-01  5.989482E-02  7.013171E-04      1      0      2     14      9      7
 -8.353241E-01  3.550057E-02  4.447315E-04      1      0      2     14      9      7
 -7.824761E-01  1.066402E-01  9.277868E-04      1      0      2     14      9      7
 -9.532139E-01  1.689678E-01  1.070601E-04      1      0      2     14      9      7
 -5.794376E-01  8.733364E-02  8.405325E-04      1      0      2     14      9      7
 -1.046060E+00  1.650113E-01  1.398278E-03      1      0      2     14      9      7
 -8.093120E-01  2.766802E-02  8.167302E-04      1      0      2     14      9      7
 -1.097209E+00  1.296995E-01  3.977266E-04      1      0      2     14      9      7
 -8.607987E-01  1.149719E-01  4.242880E-04      1      0      2     14      9      7
 -1.254748E+00  3.088046E-01  5.829494E-04      1      0      2     14      9      7
 -7.365737E-01  6.920162E-02  1.295808E-03      1      0      2     14      9      7
 -1.166430E+00  2.674284E-01  6.427267E-04      1      0      2     14      9      7
 -5.299360E-01  2.783820E-03  8.863694E-04      1      0      2     14      9      7
 -1.312730E+00  2.259190E-01  9.500107E-05      1      0      2     14      9      7
 -1.024592E+00  1.687074E-01  7.391989E-05      1      0      2     14      9      7
 -7.232444E-01  9.273770E-02  4.386200E-03      1      0      2     14      9      7
 -1.505582E+00  2.836724E-01  5.150590E-04      1      0      2     14      9      7
 -8.045402E-01  1.882379E-01  1.913848E-03      1      0      2     14      9      7
 -1.391908E+00  2.555132E-01  1.834170E-04      1      0      2     14      9      7
 -6.770140E-01  9.919496E-03  2.615544E-04      1      0      2     14      9      7
 -1.061112E+00  1.357880E-01  9.779801E-04      1      0      2     14      9      7
 -9.078037E-01  1.176867E-01  4.048737E-04      1      0      2     14      9      7
 -9.208271E-01  8.501250E-02  5.153242E-05      1      0      2     14      9      7
 -7.676208E-01  1.428507E-01  2.619269E-04      1      0      2     14      9      7
 -1.471411E+00  3.901104E-01  8.745629E-05      1      0      2     14      9      7
 -1.027672E+00  1.235431E-01  5.887831E-04      1      0      2     14      9      7
 -7.238428E-01  8.291020E-03  4.161372E-04      1      0      2     14      9      7
 -7.473279E-01  3.922661E-02  1.050966E-03      1      0      2     14      9      7
 -9.816516E-01  1.940267E-02  9.701512E-04      1      0      2     14      9      7
 -9.888431E-01  2.583405E-01  3.869619E-04      1      0      2     14      9      7
 -7.597100E-01  1.917177E-02  4.052588E-04      1      0      2     14      9      7
 -9.418652E-01 -1.589414E-02  5.312345E-05      1      0      2     14      9      7
 -6.000667E-01 -1.229300E-01  1.209627E-03      1      0      2     14      9      7
 -9.610130E-01  6.262294E-02  1.700385E-04      1      0      2     14      9      7
 -9.402339E-01  3.051387E-02  4.003594E-05      1      0      2     14      9      7
 -1.362723E+00  2.743446E-01  4.405898E-04      1      0      2     14      9      7
 -9.255794E-01  8.371458E-02  7.306123E-05      1      0      2     14      9      7
 -5.531006E-01 -3.596428E-02  7.251826E-04      1      0      2     14      9      7
 -7.223063E-01  1.160278E-01  1.331101E-04      1      0      2     14      9      7
 -1.091362E+00  3.109784E-02  9.585972E-04      1      0      2     14      9      7
 -9.283382E-01  6.121908E-02  1.380158E-04      1      0      2     14      9      7
 -1.190902E+00  1.907651E-01  1.079061E-04      1      0      2     14      9      7
 -5.665694E-01  1.468452E-01  1.082976E-03      1      0      2     14      9      7
 -8.663627E-01  2.431272E-02  1.261588E-03      1      0      2     14      9      7
 -1.108987E+00  2.449225E-01  1.902231E-04      1      0      2     14      9      7
 -8.931656E-01  1.481488E-01  2.440152E-04      1      0      2     14      9      7
 -8.931491E-01  3.948849E-02  2.995498E-04      1      0      2     14      9      7
 -7.092673E-01  8.151878E-02  4.837118E-04      1      0      2     14      9      7
 -1.149252E+00  2.364797E-01  4.573209E-04      1      0      2     14      9      7
 -1.123627E+00  2.352111E-01  6.573743E-04      1      0      2     14      9      7
 -1.138808E+00  2.157375E-01  3.257198E-03      1      0      2     14      9      7
 -1.574925E+00  3.747686E-01  2.071752E-04      1      0      2     14      9      7
 -1.362473E+00  2.169228E-01  5.452570E-05      1      0      2     14      9      7
 -9.040509E-01  1.757334E-01  4.979427E-04      1      0      2     14      9      7
 -6.734367E-01  1.176135E-01  9.686359E-04      1      0      2     14      9      7
 -8.210151E-01  1.149587E-01  1.186519E-03      1      0      2     14      9      7
 -8.459235E-01  1.624670E-01  2.287867E-03      1      0      2     14      9      7
 -7.078631E-01  7.330824E-02  1.025080E-03      1      0      2     14      9      7
 -9.745704E-01  1.113813E-01  8.898419E-04      1      0      2     14      9      7
 -1.575393E+00  2.923131E-01  1.226042E-03      1      0      2     14      9      7
 -9.921909E-01  9.242348E-02  1.578847E-04      1      0      2     14      9      7
 -9.200319E-01  1.334822E-01  5.836249E-04      1      0      2     14      9      7
 -1.333471E+00  2.189783E-01  4.953352E-04      1      0      2     14      9      7
 -1.345539E+00  3.352913E-01  2.664538E-04      1      0      2     14      9      7
 -1.191351E+00  2.052989E-01  1.585477E-03      1      0      2     14      9      7
 -8.056332E-01  7.684436E-02  3.414975E-04      1      0      2     14      9      7
 -8.779500E-01  9.762580E-02  1.406864E-04      1      0      2     14      9      7
 -9.149079E-01  9.578223E-02  9.645952E-04      1      0      2     14      9      7
 -1.167428E+00  1.777263E-01  9.056260E-04      1      0      2     14      9      7
 -8.030968E-01  2.631656E-01  1.323335E-03      1      0      2     14      9      7
 -1.163924E+00  3.105289E-01  1.638259E-03      1      0      2     14      9      7
 -1.024086E+00  9.756481E-02  8.867482E-05      1      0      2     14      9      7
 -1.205693E+00  2.446558E-01  3.370906E-04      1      0      2     14      9      7
 -9.401428E-01 -1.080409E-01  8.071335E-05      1      0      2     14      9      7
 -7.108773E-01  4.137189E-02  5.754235E-04      1      0      2     14      9      7
 -1.130888E+00  2.540106E-01  5.290373E-04      1      0      2     14      9      7
 -7.964712E-01  1.044488E-01  2.364136E-04      1      0      2     14      9      7
 -1.000687E+00  8.697434E-02  5.075963E-04      1      0      2     14      9      7
 -6.860449E-01  1.085898E-01  1.989991E-03      1      0      2     14      9      7
 -7.477729E-01  8.232857E-02  2.396903E-04      1      0      2     14      9      7
 -2.480328E+00  4.550609E-01  9.048052E-04      1      0      2     14      9      7
 -9.305748E-01  5.831807E-02  7.969053E-05      1      0      2     14      9      7
 -9.621830E-01  1.138609E-01  1.231030E-03      1      0      2     14      9      7
 -5.640685E-01 -3.685459E-02  1.972817E-04      1      0      2     14      9      7
 -9.622711E-01  8.597292E-02  2.516862E-04      1      0      2     14      9      7
 -9.989843E-01  2.966854E-02  1.940997E-04      1      0      2     14      9      7
 -7.839345E-01 -6.627183E-02  2.545463E-04      1      0      2     14      9      7
 -1.132863E+00  5.116659E-02  6.347716E-05      1      0      2     14      9      7
 -9.199928E-01  1.563049E-01  2.696232E-04      1      0      2     14      9      7
 -1.098155E+00  1.764171E-01  1.459268E-04      1      0      2     14      9      7
 -9.495505E-01  1.281294E-01  7.147020E-05      1      0      2     14      9      7
 -8.727644E-01  8.768862E-02  2.333957E-03      1      0      2     14      9      7
 -9.173873E-01  1.512714E-01  9.591655E-04      1      0      2     14      9      7
 -1.116714E+00  2.818745E-01  6.762520E-05      1      0      2     14      9      7
 -1.471467E+00  3.254679E-01  7.282763E-05      1      0      2     14      9      7
 -1.186222E+00  1.756453E-01  8.154043E-04      1      0      2     14      9      7
 -8.745775E-01  2.543486E-01  3.702939E-03      1      0      2     14      9      7
 -6.288791E-01  1.934766E-02  9.204630E-04      1      0      2     14      9      7
 -7.130688E-01  1.464393E-01  7.446286E-04      1      0      2     14      9      7
 -1.008432E+00  1.386120E-01  7.617385E-04      1      0      2     14      9      7
 -8.584207E-01  1.902623E-01  1.893645E-04      1      0      2     14      9      7
 -8.441712E-01  1.009740E-01  2.424936E-04      1      0      2     14      9      7
 -1.392549E+00  1.978450E-01  3.310232E-03      1      0      2     14      9      7
 -4.736096E-01 -1.396724E-02  2.814171E-03      1      0      2     14      9      7
 -1.094978E+00  2.231564E-01  1.830003E-03      1      0      2     14      9      7
 -8.009617E-01  1.086820E-02  1.084049E-04      1      0      2     14      9      7
 -9.396623E-01  1.697808E-01  6.234702E-03      1      0      2     14      9      7
 -6.129705E-01  8.779602E-02  2.690361E-04      1      0      2     14      9      7
 -9.908325E-01  1.975480E-01  2.131100E-03      1      0      2     14      9      7
 -1.137631E+00  1.379556E-01  1.743317E-03      1      0      2     14      9      7
 -4.968818E-01 -2.159821E-02  4.911682E-04      1      0      2     14      9      7
 -1.124529E+00  2.434475E-01  1.090994E-03      1      0      2     14      9      7
 -9.905865E-01  1.570368E-01  4.529582E-04      1      0      2     14      9      7
 -9.410812E-01  1.698578E-01  8.647137E-04      1      0      2     14      9      7
 -1.271886E+00  2.348218E-01  2.981292E-04      1      0      2     14      9      7
 -1.331594E+00  2.756127E-01  2.605253E-04      1      0      2     14      9      7
 -7.932837E-01  5.473625E-02  3.457908E-04      1      0      2     14      9      7
 -7.460955E-01  2.910610E-02  1.026847E-03      1      0      2     14      9      7
 -7.646549E-01  6.615812E-02  9.112451E-04      1      0      2     14      9      7
 -9.204956E-01 -2.908799E-02  3.378167E-05      1      0      2     14      9      7
 -1.501471E+00  2.605237E-01  6.857856E-05      1      0      2     14      9      7
 -1.175202E+00  2.438957E-01  1.366394E-04      1      0      2     14      9      7
 -1.107301E+00  2.095425E-01  3.266605E-03      1      0      2     14      9      7
 -1.399687E+00  2.787242E-01  3.736149E-05      1      0      2     14      9      7
 -1.050095E+00  1.062956E-01  1.959938E-04      1      0      2     14      9      7
 -9.008961E-01  1.380373E-01  1.046672E-03      1      0      2     14      9      7
 -6.490658E-01  1.018040E-01  7.271399E-04      1      0      2     14      9      7
 -8.558618E-01  1.369192E-01  3.732361E-03      1      0      2     14      9      7
 -1.547088E+00  3.118363E-01  5.608201E-04      1      0      2     14      9      7
 -1.112062E+00  2.217068E-01  5.226732E-04      1      0      2     14      9      7
 -7.183756E-01 -4.534711E-02  1.563379E-04      1      0      2     14      9      7
 -6.743882E-01  1.015459E-01  8.208971E-04      1      0      2     14      9      7
 -9.664212E-01 -6.135372E-03  1.195989E-04      1      0      2     14      9      7
 -1.415316E+00  2.817342E-01  9.241880E-04      1      0      2     14      9      7
 -6.112314E-01  1.406994E-01  9.821470E-04      1      0      2     14      9      7
 -6.457385E-01  7.496713E-02  1.882028E-03      1      0      2     14      9      7
 -8.776665E-01  1.222484E-01  1.055764E-03      1      0      2     14      9      7
 -1.217683E+00  2.262214E-01  6.866064E-04      1      0      2     14      9      7
 -7.468767E-01  1.818474E-01  2.445960E-03      1      0      2     14      9      7
 -9.022600E-01 -1.548161E-02  3.503429E-04      1      0      2     14      9      7
 -8.224215E-01 -4.918993E-03  4.973303E-04      1      0      2     14      9      7
 -1.132987E+00  1.789214E-01  2.964182E-04      1      0      2     14      9      7
 -9.394145E-01 -1.403511E-01  3.236110E-05      1      0      2     14      9      7
 -7.399416E-01  3.219105E-03  2.574443E-04      1      0      2     14      9      7
 -1.516553E+00  2.872799E-01  2.168224E-04      1      0      2     14      9      7
 -8.490602E-01  3.824797E-02  1.027668E-03      1      0      2     14      9      7
 -1.213423E+00  2.431541E-01  1.220044E-04      1      0      2     14      9      7
 -2.346148E+00  4.202721E-01  1.735362E-04      1      0      2     14      9      7
 -1.387532E+00  2.130460E-01  2.963488E-04      1      0      2     14      9      7
 -7.183676E-01 -3.797860E-02  3.910468E-04      1      0      2     14      9      7
 -9.852136E-01  1.009982E-01  1.438117E-04      1      0      2     14      9      7
 -1.076676E+00  2.448918E-01  7.104088E-04      1      0      2     14      9      7
 -5.702386E-01  3.789909E-02  3.040577E-03      1      0      2     14      9      7
 -1.127741E+00  1.416992E-01  3.891275E-04      1      0      2     14      9      7
 -8.621883E-01  1.156581E-01  2.204717E-04      1      0      2     14      9      7
 -1.268407E+00  2.869497E-01  3.038999E-04      1      0      2     14      9      7
 -2.058071E+00  4.530512E-01  1.656947E-03      1      0      2     14      9      7
 -1.079868E+00  2.225094E-01  1.364626E-04      1      0      2     14      9      7
 -7.733109E-01  8.140097E-02  7.767649E-04      1      0      2     14      9      7
 -1.309150E+00  2.671592E-01  2.364830E-04      1      0      2     14      9      7
 -1.120061E+00  2.574148E-01  1.706067E-04      1      0      2     14      9      7
 -5.544357E-01 -1.222531E-01  2.089935E-04      1      0      2     14      9      7
 -1.056385E+00  3.265238E-01  3.107817E-03      1      0      2     14      9      7
 -9.990355E-01  2.004995E-01  7.789747E-04      1      0      2     14      9      7
 -7.776136E-01  2.227636E-02  4.244585E-05      1      0      2     14      9      7
 -1.281713E+00  3.115911E-01  2.076613E-03      1      0      2     14      9      7
 -1.110845E+00  2.048455E-01  6.759995E-05      1      0      2     14      9      7
 -7.928159E-01  1.094235E-01  1.375991E-03      1      0      2     14      9      7
 -7.745673E-01  2.160662E-02  2.050033E-04      1      0      2     14      9      7
 -8.142440E-01  1.060582E-01  5.198447E-03      1      0      2     14      9      7
 -5.358697E-01  4.258144E-02  1.229136E-03      1      0      2     14      9      7
 -6.049210E-01  8.565845E-02  9.712245E-04      1      0      2     14      9      7
 -6.784885E-01  1.314310E-01  1.198957E-03      1      0      2     14      9      7
 -7.392801E-01  7.966070E-02  2.897700E-03      1      0      2     14      9      7
 -1.137553E+00  1.424891E-01  1.400740E-03      1      0      2     14      9      7
 -8.230327E-01  8.138389E-02  3.030665E-04      1      0      2     14      9      7
 -8.297731E-01 -3.343360E-02  1.981909E-04      1      0      2     14      9      7
 -1.075842E+00  2.209598E-01  9.640270E-04      1      0      2     14      9      7
 -5.686230E-01  6.826180E-02  5.023118E-03      1      0      2     14      9      7
 -1.144164E+00  1.949646E-01  7.337060E-05      1      0      2     14      9      7
 -8.365675E-01  2.476582E-02  7.505003E-04      1      0      2     14      9      7
 -9.001308E-01  9.244296E-02  7.237936E-05      1      0      2     14      9      7
 -8.033803E-01  3.829828E-02  3.843039E-04      1      0      2     14      9      7
 -1.293357E+00  2.720070E-01  1.650760E-05      1      0      2     14      9      7
 -9.892853E-01  1.798354E-01  3.432969E-04      1      0      2     14      9      7
 -5.714509E-01 -2.349527E-02  2.564088E-04      1      0      2     14      9      7
 -4.775600E-01 -7.134178E-02  2.051927E-03      1      0      2     14      9      7
 -1.176554E+00  1.052458E-01  1.032656E-03      1      0      2     14      9      7
 -8.238600E-01  1.214069E-01  3.863747E-03      1      0      2     14      9      7
 -7.466077E-01  1.281319E-01  4.250520E-04      1      0      2     14      9      7
 -9.137497E-01  1.106705E-01  2.759621E-04      1      0      2     14      9      7
 -8.670850E-01 -2.201966E-02  3.748776E-04      1      0      2     14      9      7
 -8.878165E-01  2.857420E-02  1.778800E-04      1      0      2     14      9      7
 -1.232431E+00  1.945731E-01  5.989796E-04      1      0      2     14      9      7
 -1.105015E+00  9.160060E-02  5.094083E-05      1      0      2     14      9      7
 -1.353169E+00  3.512025E-01  8.375020E-04      1      0      2     14      9      7
 -7.510631E-01 -1.089967E-02  1.159749E-03      1      0      2     14      9      7
 -8.044673E-01  7.268424E-02  4.184921E-04      1      0      2     14      9      7
 -1.063410E+00  2.229288E-01  4.332281E-04      1      0      2     14      9      7
 -1.545579E+00  3.776406E-01  1.685295E-03      1      0      2     14      9      7
 -1.105913E+00  1.197522E-02  2.870488E-05      1      0      2     14      9      7
 -8.729556E-01  9.890170E-02  1.250539E-04      1      0      2     14      9      7
 -8.949427E-01  3.105147E-02  3.335044E-04      1      0      2     14      9      7
 -6.179491E-01  8.029926E-02  1.200725E-04      1      0      2     14      9      7
 -6.407670E-01  5.661717E-02  7.477223E-04      1      0      2     14      9      7
 -1.527401E+00  2.731764E-01  1.418608E-03      1      0      2     14      9      7
 -9.943678E-01  2.499561E-01  4.512535E-04      1      0      2     14      9      7
 -1.290609E+00  1.923888E-01  3.637972E-05      1      0      2     14      9      7
 -7.645092E-01  1.072516E-01  1.165747E-03      1      0      2     14      9      7
 -1.217235E+00  1.415487E-01  6.986654E-05      1      0      2     14      9      7
 -5.774393E-01  7.138473E-02  4.107706E-03      1      0      2     14      9      7
 -8.045707E-01 -7.436740E-02  6.255726E-04      1      0      2     14      9      7
 -9.334866E-01  1.161730E-01  4.739068E-04      1      0      2     14      9      7
 -9.863830E-01  6.550479E-02  3.497873E-04      1      0      2     14      9      7
 -7.173686E-01  6.422735E-03  9.812631E-05      1      0      2     14      9      7
 -1.390909E+00  2.977124E-01  2.326128E-04      1      0      2     14      9      7
 -8.661357E-01  6.718791E-02  2.163173E-04      1      0      2     14      9      7
 -9.495826E-01  4.230583E-02  1.115049E-04      1      0      2     14      9      7
 -9.734643E-01  1.223482E-01  4.711098E-05      1      0      2     14      9      7
 -5.734769E-01 -8.013207E-02  5.800514E-04      1      0      2     14      9      7
 -6.624723E-01  6.299867E-02  2.421400E-03      1      0      2     14      9      7
 -6.176715E-01 -2.343759E-02  2.479044E-04      1      0      2     14      9      7
 -1.446643E+00  2.590609E-01  4.498898E-04      1      0      2     14      9      7
 -1.208838E+00  2.672023E-01  6.888162E-04      1      0      2     14      9      7
 -6.933205E-01  1.612779E-01  4.008455E-04      1      0      2     14      9      7
 -1.401106E+00  2.161683E-01  1.400425E-03      1      0      2     14      9      7
 -1.019754E+00  1.224976E-01  3.921265E-05      1      0      2     14      9      7
 -1.184455E+00  1.957667E-01  5.998257E-04      1      0      2     14      9      7
 -1.081864E+00  2.496744E-01  3.331762E-04      1      0      2     14      9      7
 -5.316344E-01  4.021416E-02  1.557760E-03      1      0      2     14      9      7
 -1.036524E+00  2.228495E-01  1.998703E-03      1      0      2     14      9      7
 -9.382288E-01  1.295451E-01  1.212215E-04      1      0      2     14      9      7
 -7.875222E-01  9.159829E-02  8.677442E-04      1      0      2     14      9      7
 -1.811663E+00  4.390091E-01  1.413178E-04      1      0      2     14      9      7
 -6.961914E-01  8.832223E-02  1.888594E-03      1      0      2     14      9      7
 -7.077267E-01  1.527212E-01  1.299975E-03      1      0      2     14      9      7
 -6.654081E-01  1.286501E-01  1.667743E-03      1      0      2     14      9      7
 -8.243748E-01  4.543820E-02  2.096501E-03      1      0      2     14      9      7
 -8.885740E-01  1.182574E-01  4.013885E-04      1      0      2     14      9      7
 -9.486620E-01  1.080662E-01  4.545492E-05      1      0      2     14      9      7
 -8.890218E-01  8.046109E-02  8.676811E-05      1      0      2     14      9      7
 -2.150456E+00  3.661928E-01  1.171051E-03      1      0      2     14      9      7
 -5.486339E-01  3.990394E-03  6.562379E-03      1      0      2     14      9      7
 -4.891214E-01  5.540691E-02  8.101008E-04      1      0      2     14      9      7
 -8.422971E-01  6.718016E-02  1.510787E-04      1      0      2     14      9      7
 -7.435899E-01  1.452857E-01  3.348493E-04      1      0      2     14      9      7
 -1.138558E+00  1.820060E-01  1.883417E-04      1      0      2     14      9      7
 -1.101687E+00  1.673140E-02  6.503662E-05      1      0      2     14      9      7
 -1.175109E+00  6.445772E-02  1.735362E-05      1      0      2     14      9      7
 -1.980409E+00  3.716231E-01  3.320523E-03      1      0      2     14      9      7
 -1.104560E+00  1.167148E-01  7.830154E-05      1      0      2     14      9      7
 -9.464923E-01  1.471169E-01  6.718325E-04      1      0      2     14      9      7
 -9.760607E-01  1.605507E-01  1.634092E-03      1      0      2     14      9      7
 -1.100151E+00  6.834857E-02  2.361863E-05      1      0      2     14      9      7
 -8.049878E-01  1.324155E-01  1.513628E-03      1      0      2     14      9      7
 -6.956642E-01  1.272384E-01  3.643465E-04      1      0      2     14      9      7
 -1.012809E+00  2.000753E-01  4.895898E-03      1      0      2     14      9      7
 -1.103029E+00  1.104825E-01  5.461473E-03      1      0      2     14      9      7
 -1.037327E+00  1.483626E-01  1.720209E-03      1      0      2     14      9      7
 -1.921396E+00  3.673198E-01  2.017518E-04      1      0      2     14      9      7
 -1.044310E+00  9.590419E-02  2.377773E-04      1      0      2     14      9      7
 -8.002528E-01  1.608445E-01  3.756984E-04      1      0      2     14      9      7
 -1.096250E+00  1.613613E-01  4.849746E-04      1      0      2     14      9      7
 -5.665972E-01 -1.733774E-02  2.797313E-03      1      0      2     14      9      7
 -1.422343E+00  3.471600E-01  1.061257E-03      1      0      2     14      9      7
 -1.670506E+00  2.809841E-01  8.335244E-04      1      0      2     14      9      7
 -1.007335E+00  1.095344E-01  3.079153E-04      1      0      2     14      9      7
 -9.034609E-01  2.142892E-01  4.950322E-03      1      0      2     14      9      7
 -8.032394E-01 -1.003517E-01  9.849882E-04      1      0      2     14      9      7
 -6.667066E-01  2.310478E-02  8.213391E-04      1      0      2     14      9      7
 -1.115667E+00  2.609459E-01  6.897632E-05      1      0      2     14      9      7
 -9.342437E-01  1.524226E-01  6.934251E-04      1      0      2     14      9      7
 -5.427891E-01  2.899101E-02  4.717286E-03      1      0      2     14      9      7
 -6.171421E-01 -1.421192E-02  5.405092E-03      1      0      2     14      9      7
 -7.278269E-01  9.335778E-02  2.074151E-03      1      0      2     14      9      7
 -1.011849E+00  2.743554E-01  6.042326E-04      1      0      2     14      9      7
 -6.427140E-01 -1.007488E-02  1.096550E-03      1      0      2     14      9      7
 -8.673134E-01  1.908063E-01  5.613505E-03      1      0      2     14      9      7
 -9.620229E-01  1.925207E-01  2.082990E-03      1      0      2     14      9      7
 -7.177916E-01 -9.134666E-03  1.656000E-04      1      0      2     14      9      7
 -1.225425E+00  3.585348E-01  2.986280E-03      1      0      2     14      9      7
 -1.168261E+00  1.528180E-01  2.685626E-04      1      0      2     14      9      7
 -8.743454E-01  4.142613E-02  1.819144E-03      1      0      2     14      9      7
 -1.046544E+00  2.543198E-01  7.347162E-04      1      0      2     14      9      7
 -1.087314E+00  2.662930E-01  7.465227E-04      1      0      2     14      9      7
 -6.111788E-01 -4.392987E-04  1.269417E-04      1      0      2     14      9      7
 -9.401596E-01  7.553158E-03  4.724105E-04      1      0      2     14      9      7
 -7.375979E-01 -1.724568E-02  5.019835E-04      1      0      2     14      9      7
 -1.046060E+00  1.650113E-01  1.398278E-03      1      0      2     14      9      7
 -9.546251E-01  1.588767E-01  4.355831E-05      1      0      2     14      9      7
 -9.262698E-01 -5.256721E-02  8.328930E-04      1      0      2     14      9      7
 -1.071908E+00  1.053388E-01  5.047552E-04      1      0      2     14      9      7
 -1.090825E+00  2.433254E-01  1.481049E-04      1      0      2     14      9      7
 -1.273172E+00  3.252774E-01  1.147248E-03      1      0      2     14      9      7
 -9.201501E-01  2.311714E-01  3.602616E-04      1      0      2     14      9      7
 -7.081926E-01  4.711687E-02  3.297415E-03      1      0      2     14      9      7
 -1.115372E+00  1.049396E-01  2.083053E-03      1      0      2     14      9      7
 -8.452401E-01  8.931644E-02  9.748864E-04      1      0      2     14      9      7
 -8.581461E-01  9.405301E-02  2.424494E-03      1      0      2     14      9      7
 -5.961773E-01  8.671036E-02  2.212798E-03      1      0      2     14      9      7
 -1.805416E+00  3.631501E-01  1.293472E-04      1      0      2     14      9      7
 -1.004510E+00  3.261531E-01  1.525750E-04      1      0      2     14      9      7
 -6.870417E-01  7.173465E-02  4.286255E-04      1      0      2     14      9      7
 -1.143178E+00  2.224915E-01  4.036299E-04      1      0      2     14      9      7
 -7.762836E-01 -2.698106E-02  1.842504E-04      1      0      2     14      9      7
 -8.173713E-01  1.225617E-01  7.075045E-04      1      0      2     14      9      7
 -8.469263E-01  7.496437E-02  1.182099E-04      1      0      2     14      9      7
 -6.847693E-01 -1.704698E-02  5.631120E-04      1      0      2     14      9      7
 -9.812938E-01  1.445043E-01  5.626195E-04      1      0      2     14      9      7
 -1.027740E+00  2.101538E-01  2.590668E-04      1      0      2     14      9      7
 -8.693693E-01 -1.685901E-02  2.857356E-04      1      0      2     14      9      7
 -5.909847E-01  9.172874E-03  6.442420E-04      1      0      2     14      9      7
 -5.879025E-01  9.113809E-02  7.280238E-04      1      0      2     14      9      7
 -9.747181E-01  2.548224E-01  2.867142E-04      1      0      2     14      9      7
 -9.515874E-01  1.893529E-01  5.115802E-03      1      0      2     14      9      7
 -8.193339E-01  1.029471E-01  1.225285E-04      1      0      2     14      9      7
 -6.893396E-01  6.065220E-02  2.585744E-03      1      0      2     14      9      7
 -8.769777E-01  1.268975E-01  1.978247E-03      1      0      2     14      9      7
 -1.508619E+00  2.843507E-01  5.958733E-05      1      0      2     14      9      7
 -8.934608E-01  6.786997E-02  4.767227E-05      1      0      2     14      9      7
 -1.236323E+00  1.986544E-01  7.900235E-04      1      0      2     14      9      7
 -8.306919E-01  6.625469E-02  8.229806E-04      1      0      2     14      9      7
 -9.709224E-01  1.953408E-01  7.136287E-04      1      0      2     14      9      7
 -1.320054E+00  2.465786E-01  1.986771E-05      1      0      2     14      9      7
 -9.206322E-01  1.371777E-01  5.997436E-03      1      0      2     14      9      7
 -8.037490E-01  3.235148E-02  2.344122E-03      1      0      2     14      9      7
 -1.355714E+00  2.783597E-01  1.117448E-03      1      0      2     14      9      7
 -8.655283E-01  1.627288E-01  2.910832E-03      1      0      2     14      9      7
 -1.036394E+00  2.284365E-01  2.901614E-04      1      0      2     14      9      7
 -1.128481E+00  1.866600E-01  5.903931E-04      1      0      2     14      9      7
 -9.687934E-01  1.469738E-01  7.818790E-04      1      0      2     14      9      7
 -8.185280E-01  1.713145E-01  1.777600E-03      1      0      2     14      9      7
 -8.844378E-01  1.008463E-01  3.863937E-05      1      0      2     14      9      7
 -6.981155E-01  1.100723E-01  3.339464E-03      1      0      2     14      9      7
 -1.203898E+00  2.113435E-01  2.246197E-04      1      0      2     14      9      7
 -8.553106E-01  1.327438E-01  4.055176E-04      1      0      2     14      9      7
 -3.979857E+00  3.111875E-01  5.523851E-05      1      0      2     14      9      7
 -7.467433E-01  8.569792E-03  2.266653E-03      1      0      2     14      9      7
 -9.621872E-01  1.991184E-01  1.142576E-04      1      0      2     14      9      7
 -8.843055E-01  7.196192E-02  3.362951E-04      1      0      2     14      9      7
 -7.523781E-01  8.740680E-02  5.723109E-04      1      0      2     14      9      7
 -1.058524E+00  1.913756E-01  7.121134E-04      1      0      2     14      9      7
 -9.474785E-01  7.985546E-02  1.325987E-04      1      0      2     14      9      7
 -9.301635E-01  3.772747E-02  2.118978E-04      1      0      2     14      9      7
 -7.784795E-01  1.880059E-01  3.402979E-03      1      0      2     14      9      7
 -1.345912E+00  1.394949E-01  2.886083E-04      1      0      2     14      9      7
 -1.489210E+00  3.179187E-01  1.898190E-03      1      0      2     14      9      7
 -1.021718E+00  2.003205E-01  9.395932E-04      1      0      2     14      9      7
 -8.361985E-01  1.064404E-01  9.252613E-04      1      0      2     14      9      7
 -1.163421E+00  1.745514E-01  1.856962E-04      1      0      2     14      9      7
 -5.567228E-01  1.876479E-02  2.873645E-03      1      0      2     14      9      7
 -1.051505E+00  3.298294E-01  9.721084E-05      1      0      2     14      9      7
 -8.309931E-01  2.019645E-01  2.697621E-03      1      0      2     14      9      7
 -1.082882E+00  1.242433E-01  6.566798E-05      1      0      2     14      9      7
 -9.574402E-01  1.379004E-01  2.459219E-03      1      0      2     14      9      7
 -1.210270E+00  2.343081E-01  4.490059E-05      1      0      2     14      9      7
 -1.628301E+00  2.757318E-01  2.471025E-04      1      0      2     14      9      7
 -1.799971E+00  2.757681E-01  7.455125E-04      1      0      2     14      9      7
 -6.013688E-01 -1.212486E-01  1.970229E-03      1      0      2     14      9      7
 -8.886683E-01  1.044640E-01  5.095409E-04      1      0      2     14      9      7
 -7.656033E-01  1.399914E-01  3.840703E-04      1      0      2     14      9      7
 -8.790543E-01  1.166584E-01  2.833112E-04      1      0      2     14      9      7
 -9.901890E-01  1.817290E-01  7.437447E-04      1      0      2     14      9      7
 -1.213698E+00  2.470323E-01  5.023244E-04      1      0      2     14      9      7
 -1.137145E+00  2.299635E-01  2.138487E-03      1      0      2     14      9      7
 -8.797799E-01  2.467060E-01  1.797362E-03      1      0      2     14      9      7
 -1.657612E+00  3.269095E-01  5.762127E-04      1      0      2     14      9      7
 -6.178651E-01  5.150868E-03  1.610100E-03      1      0      2     14      9      7
 -7.613414E-01  7.784372E-02  6.360974E-04      1      0      2     14      9      7
 -1.383939E+00  2.610443E-01  5.123441E-04      1      0      2     14      9      7
 -5.978616E-01  3.936054E-02  4.306964E-04      1      0      2     14      9      7
 -1.158320E+00  2.095209E-01  1.139924E-03      1      0      2     14      9      7
 -8.530882E-01  1.234569E-01  4.557299E-04      1      0      2     14      9      7
 -8.606673E-01  1.801963E-01  3.369264E-03      1      0      2     14      9      7
 -9.016565E-01 -9.934153E-02  3.974678E-04      1      0      2     14      9      7
 -7.029569E-01  2.127545E-01  1.418545E-03      1      0      2     14      9      7
 -5.600845E-01  4.950717E-03  5.222375E-04      1      0      2     14      9      7
 -4.924542E-01  7.976354E-02  4.327230E-03      1      0      2     14      9      7
 -7.627530E-01  8.185786E-02  1.017630E-03      1      0      2     14      9      7
 -1.046206E+00  1.638307E-01  9.337216E-05      1      0      2     14      9      7
 -8.968079E-01  1.049539E-01  7.484799E-04      1      0      2     14      9      7
 -1.482519E+00  2.989500E-01  3.803705E-04      1      0      2     14      9      7
 -1.169365E+00  2.037367E-01  5.580358E-04      1      0      2     14      9      7
 -6.771786E-01 -5.257779E-02  3.151444E-03      1      0      2     14      9      7
 -7.495315E-01  9.479111E-02  6.017261E-03      1      0      2     14      9      7
 -9.377031E-01  1.712918E-01  9.587235E-04      1      0      2     14      9      7
 -1.113257E+00  2.796213E-01  2.512253E-03      1      0      2     14      9      7
 -6.406696E-01  9.870690E-05  1.505483E-03      1      0      2     14      9      7
 -7.940189E-01  2.118962E-01  2.279723E-03      1      0      2     14      9      7
 -9.085848E-01  8.375814E-02  6.576900E-04      1      0      2     14      9      7
 -8.483025E-01  1.230878E-01  1.819775E-03      1      0      2     14      9      7
 -1.026140E+00  1.037036E-01  9.044895E-05      1      0      2     14      9      7
 -1.022486E+00  1.072918E-01  1.879692E-04      1      0      2     14      9      7
 -8.418281E-01  6.693013E-02  2.215703E-03      1      0      2     14      9      7
 -6.307880E-01  1.242689E-01  2.475571E-03      1      0      2     14      9      7
 -1.155515E+00  1.030760E-01  2.787401E-03      1      0      2     14      9      7
 -6.145454E-01 -1.819691E-03  4.029796E-04      1      0      2     14      9      7
 -8.697473E-01  9.645501E-02  3.810650E-04      1      0      2     14      9      7
 -9.443149E-01  2.107194E-01  8.991229E-04      1      0      2     14      9      7
 -5.294572E-01  2.005204E-02  6.897632E-04      1      0      2     14      9      7
 -9.401767E-01  2.293431E-01  3.084204E-05      1      0      2     14      9      7
 -1.019585E+00  1.294773E-01  3.924863E-05      1      0      2     14      9      7
 -6.402390E-01  2.210521E-02  3.144121E-03      1      0      2     14      9      7
 -1.666526E+00  3.384194E-01  6.692439E-04      1      0      2     14      9      7
 -7.913467E-01  8.750382E-02  2.497985E-04      1      0      2     14      9      7
 -7.607594E-01  1.173563E-01  5.557503E-04      1      0      2     14      9      7
 -8.352014E-01  8.525668E-02  1.931148E-04      1      0      2     14      9      7
 -1.330593E+00  2.340006E-01  1.730374E-03      1      0      2     14      9      7
 -8.015069E-01  9.593684E-02  7.561825E-04      1      0      2     14      9      7
 -1.317015E+00  1.310440E-01  9.318275E-05      1      0      2     14      9      7
 -7.726712E-01  1.603262E-01  6.515027E-03      1      0      2     14      9      7
 -1.344318E+00  3.462442E-01  1.461351E-04      1      0      2     14      9      7
 -8.594146E-01  8.108598E-02  5.782962E-04      1      0      2     14      9      7
 -8.529263E-01  9.752860E-02  1.654358E-03      1      0      2     14      9      7
 -1.343274E+00  2.552637E-01  1.564579E-04      1      0      2     14      9      7
 -7.863466E-01  1.595378E-02  2.684552E-04      1      0      2     14      9      7
 -9.182640E-01  1.256991E-01  3.348619E-04      1      0      2     14      9      7
 -1.065605E+00  1.795961E-01  1.851343E-03      1      0      2     14      9      7
 -1.302609E+00  3.073613E-01  2.017644E-03      1      0      2     14      9      7
 -7.003914E-01  2.579762E-03  3.725921E-04      1      0      2     14      9      7
 -7.654501E-01  1.497618E-01  1.924581E-04      1      0      2     14      9      7
 -9.976769E-01  8.691772E-02  1.138788E-03      1      0      2     14      9      7
 -1.047627E+00  2.524932E-01  1.157855E-03      1      0      2     14      9      7
 -6.606355E-01  3.862133E-02  6.217466E-03      1      0      2     14      9      7
 -7.403104E-01 -3.741499E-02  3.049479E-04      1      0      2     14      9      7
 -1.070163E+00  1.863936E-02  5.348774E-05      1      0      2     14      9      7
 -8.520730E-01  1.717393E-01  1.549994E-03      1      0      2     14      9      7
 -6.227908E-01  8.795130E-02  1.461730E-03      1      0      2     14      9      7
 -6.229380E-01  4.993582E-02  1.353830E-03      1      0      2     14      9      7
 -1.049213E+00  1.557150E-01  1.641163E-03      1      0      2     14      9      7
 -1.191069E+00  9.029461E-02  1.579858E-04      1      0      2     14      9      7
 -8.465829E-01 -1.085243E-02  7.171643E-05      1      0      2     14      9      7
 -1.076703E+00  2.714336E-01  1.176480E-03      1      0      2     14      9      7
 -1.055121E+00  2.289207E-01  3.194125E-04      1      0      2     14      9      7
 -1.067289E+00  2.143596E-01  1.205523E-04      1      0      2     14      9      7
 -8.649919E-01  1.769085E-01  5.708966E-04      1      0      2     14      9      7
 -7.140835E-01  1.548859E-01  1.444241E-03      1      0      2     14      9      7
 -7.256915E-01  1.407278E-01  5.851591E-04      1      0      2     14      9      7
 -7.905291E-01  5.237027E-02  3.905165E-04      1      0      2     14      9      7
 -1.037347E+00  1.658503E-01  2.374553E-03      1      0      2     14      9      7
 -1.074573E+00  1.990856E-01  8.083962E-04      1      0      2     14      9      7
 -5.839722E-01  3.287308E-02  6.420954E-03      1      0      2     14      9      7
 -7.931843E-01  8.192176E-02  4.809402E-04      1      0      2     14      9      7
 -7.746035E-01  6.761952E-02  2.067711E-03      1      0      2     14      9      7
 -7.956424E-01 -5.635677E-04  1.251802E-03      1      0      2     14      9      7
 -5.908187E-01  5.208339E-02  1.305531E-03      1      0      2     14      9      7
 -1.029143E+00  1.739933E-01  3.524706E-04      1      0      2     14      9      7
 -1.313012E+00  2.858333E-01  1.374034E-04      1      0      2     14      9      7
 -7.987401E-01  1.825237E-01  1.204323E-03      1      0      2     14      9      7
 -9.840640E-01  1.438602E-01  1.041937E-03      1      0      2     14      9      7
 -9.262145E-01  4.844177E-02  1.403392E-04      1      0      2     14      9      7
 -1.006615E+00  8.532708E-02  1.479787E-04      1      0      2     14      9      7
 -8.013720E-01  1.252918E-01  2.321519E-03      1      0      2     14      9      7
 -6.698505E-01 -2.076232E-02  1.085564E-03      1      0      2     14      9      7
 -4.629464E-01  5.642235E-04  5.914980E-03      1      0      2     14      9      7
 -6.819074E-01  6.399208E-02  1.074263E-03      1      0      2     14      9      7
 -1.207714E+00  1.517945E-01  6.276182E-03      1      0      2     14      9      7
 -1.043184E+00 -1.762555E-02  1.036318E-04      1      0      2     14      9      7
 -5.475304E-01  7.297042E-02  2.707660E-03      1      0      2     14      9      7
 -9.735691E-01  1.663516E-01  1.586992E-03      1      0      2     14      9      7
 -6.596317E-01 -4.380685E-03  2.285910E-03      1      0      2     14      9      7
 -1.354382E+00  2.027041E-01  6.218349E-04      1      0      2     14      9      7
 -6.191706E-01  4.269392E-02  9.734974E-04      1      0      2     14      9      7
 -7.083146E-01  3.700617E-02  1.865233E-03      1      0      2     14      9      7
 -9.430682E-01  5.445718E-02  4.880493E-04      1      0      2     14      9      7
 -1.504788E+00  3.944308E-01  4.979301E-04      1      0      2     14      9      7
 -1.223767E+00  2.642495E-01  3.573952E-04      1      0      2     14      9      7
 -5.778148E-01  5.234797E-02  4.787620E-04      1      0      2     14      9      7
 -7.571044E-01  6.946598E-02  2.139308E-03      1      0      2     14      9      7
 -1.171960E+00  2.245770E-01  1.353956E-04      1      0      2     14      9      7
 -5.260140E-01 -1.010621E-01  1.344423E-03      1      0      2     14      9      7
 -8.938115E-01  9.155831E-02  8.132577E-04      1      0      2     14      9      7
 -9.909753E-01  1.197109E-01  4.956446E-05      1      0      2     14      9      7
 -1.173323E+00  2.817065E-01  3.095379E-05      1      0      2     14      9      7
 -8.332894E-01  1.861723E-01  2.193731E-04      1      0      2     14      9      7
 -8.265627E-01 -1.523260E-02  2.053064E-03      1      0      2     14      9      7
 -9.942501E-01  9.045119E-02  4.784589E-05      1      0      2     14      9      7
 -6.609776E-01 -2.942616E-02  1.332111E-04      1      0      2     14      9      7
 -7.110929E-01  1.219300E-01  3.525211E-04      1      0      2     14      9      7
 -1.276389E+00  1.954960E-01  4.373698E-04      1      0      2     14      9      7
 -6.796677E-01  1.111731E-01  1.913280E-04      1      0      2     14      9      7
 -1.271195E+00  2.640498E-01  1.168399E-04      1      0      2     14      9      7
 -8.285348E-01  1.300392E-01  2.431818E-04      1      0      2     14      9      7
 -8.779214E-01 -8.420627E-02  2.691055E-05      1      0      2     14      9      7
 -2.063340E+00  3.934463E-01  1.341897E-03      1      0      2     14      9      7
 -1.288061E+00  2.764212E-01  1.142702E-04      1      0      2     14      9      7
 -5.151036E-01  7.082569E-02  6.277256E-03      1      0      2     14      9      7
 -6.898796E-01 -2.381307E-02  1.509335E-04      1      0      2     14      9      7
 -9.621494E-01 -7.069557E-03  2.547483E-04      1      0      2     14      9      7
 -8.330602E-01 -5.470072E-02  8.601047E-04      1      0      2     14      9      7
 -1.001075E+00  1.544534E-01  1.512618E-03      1      0      2     14      9      7
 -1.205350E+00  2.871835E-01  2.939054E-05      1      0      2     14      9      7
 -8.598103E-01  1.764042E-02  9.280393E-04      1      0      2     14      9      7
 -5.434673E-01  4.408403E-02  2.873077E-03      1      0      2     14      9      7
 -7.644534E-01 -3.641669E-02  6.247645E-04      1      0      2     14      9      7
 -6.555131E-01  4.855778E-02  1.013147E-03      1      0      2     14      9      7
 -6.811904E-01  4.485576E-02  3.277401E-03      1      0      2     14      9      7
 -6.512440E-01  8.075212E-02  3.073661E-03      1      0      2     14      9      7
 -7.608249E-01  1.141756E-01  2.397787E-03      1      0      2     14      9      7
 -9.537030E-01  1.011633E-01  9.751389E-04      1      0      2     14      9      7
 -1.092345E+00  1.213982E-01  6.760627E-04      1      0      2     14      9      7
 -1.788360E+00  2.579158E-01  7.869299E-04      1      0      2     14      9      7
 -8.355030E-01  4.691154E-02  4.049746E-04      1      0      2     14      9      7
 -4.886096E-01  6.388169E-02  2.956543E-03      1      0      2     14      9      7
 -7.936492E-01 -4.306424E-02  9.511472E-05      1      0      2     14      9      7
 -8.065934E-01  1.214795E-01  2.484600E-04      1      0      2     14      9      7
 -9.292881E-01  1.768136E-01  2.610051E-03      1      0      2     14      9      7
 -1.157833E+00  2.566812E-01  1.818891E-04      1      0      2     14      9      7
 -1.191797E+00  2.729736E-01  1.940807E-03      1      0      2     14      9      7
 -6.124269E-01 -9.455669E-02  1.876787E-03      1      0      2     14      9      7
 -8.768183E-01  2.083786E-01  5.224144E-04      1      0      2     14      9      7
 -1.099608E+00  1.705827E-01  3.430064E-04      1      0      2     14      9      7
 -6.858862E-01  1.813395E-02  1.187150E-04      1      0      2     14      9      7
 -5.902176E-01  2.352362E-02  1.144597E-03      1      0      2     14      9      7
 -1.412835E+00  2.720313E-01  1.992705E-04      1      0      2     14      9      7
 -8.162994E-01  8.894493E-02  1.295934E-04      1      0      2     14      9      7
 -8.636419E-01  2.396467E-01  6.187350E-04      1      0      2     14      9      7
 -7.640176E-01  1.714139E-01  1.347201E-03      1      0      2     14      9      7
 -1.020775E+00  1.588332E-01  2.544453E-03      1      0      2     14      9      7
 -1.192747E+00  2.307415E-01  1.168778E-03      1      0      2     14      9      7
 -5.259868E-01  2.325942E-02  5.975654E-03      1      0      2     14      9      7
 -1.311861E+00  2.046501E-01  1.226169E-04      1      0      2     14      9      7
 -1.135481E+00  1.492488E-01  3.824477E-04      1      0      2     14      9      7
 -8.388155E-01  9.483993E-02  3.306949E-03      1      0      2     14      9      7
 -1.216108E+00  2.072637E-01  2.363757E-03      1      0      2     14      9      7
 -1.465644E+00  2.724021E-01  4.548838E-05      1      0      2     14      9      7
 -5.787917E-01 -9.017528E-03  1.308814E-03      1      0      2     14      9      7
 -9.302657E-01  1.568862E-01  2.442930E-04      1      0      2     14      9      7
 -7.848359E-01 -2.436632E-02  2.154460E-04      1      0      2     14      9      7
 -1.025955E+00  1.767902E-01  1.831708E-04      1      0      2     14      9      7
 -1.059937E+00  1.161207E-01  1.076662E-04      1      0      2     14      9      7
 -9.898517E-01  1.011369E-01  4.009402E-04      1      0      2     14      9      7
 -9.440731E-01  5.044729E-02  2.434343E-05      1      0      2     14      9      7
 -1.018907E+00  1.691138E-01  1.103558E-03      1      0      2     14      9      7
 -1.334298E+00  2.498979E-01  1.318221E-04      1      0      2     14      9      7
 -9.085435E-01  1.781201E-01  9.358051E-04      1      0      2     14      9      7
 -7.540950E-01  8.315733E-02  2.071563E-03      1      0      2     14      9      7
 -6.289851E-01  4.049315E-02  5.682954E-03      1      0      2     14      9      7
 -1.124815E+00  1.795650E-01  5.349027E-03      1      0      2     14      9      7
 -5.826488E-01 -6.310508E-03  1.147943E-04      1      0      2     14      9      7
 -8.253229E-01  3.750932E-02  9.729923E-05      1      0      2     14      9      7
 -7.200075E-01  1.289018E-01  2.330168E-04      1      0      2     14      9      7
 -2.034944E+00  3.967482E-01  7.221521E-05      1      0      2     14      9      7
 -1.045957E+00  1.620098E-01  1.305468E-03      1      0      2     14      9      7
 -7.948708E-01 -1.952925E-02  9.784851E-04      1      0      2     14      9      7
 -1.201567E+00  1.829363E-01  1.834486E-04      1      0      2     14      9      7
 -1.017696E+00  1.197720E-01  8.082068E-04      1      0      2     14      9      7
 -4.930470E-01  8.321434E-02  1.141566E-03      1      0      2     14      9      7
 -9.423184E-01  1.383181E-01  4.947354E-04      1      0      2     14      9      7
 -1.951605E+00  3.616552E-01  1.156592E-04      1      0      2     14      9      7
 -5.995991E-01  2.672765E-02  2.996192E-03      1      0      2     14      9      7
 -1.108032E+00  1.738069E-01  1.480292E-03      1      0      2     14      9      7
 -1.064546E+00  4.802850E-02  3.191157E-05      1      0      2     14      9      7
 -1.064263E+00  1.428253E-01  4.039961E-05      1      0      2     14      9      7
 -1.019473E+00  2.398409E-01  8.619357E-04      1      0      2     14      9      7
 -1.009573E+00  2.216369E-01  1.068202E-03      1      0      2     14      9      7
 -1.125453E+00  1.584805E-01  5.602077E-04      1      0      2     14      9      7
 -6.733554E-01  5.517406E-02  3.502103E-04      1      0      2     14      9      7
 -9.193759E-01  1.284175E-01  1.115428E-04      1      0      2     14      9      7
 -7.059545E-01 -7.313215E-02  1.468738E-04      1      0      2     14      9      7
 -1.485329E+00  4.073844E-01  1.128876E-04      1      0      2     14      9      7
 -9.862783E-01  1.868269E-01  5.948316E-04      1      0      2     14      9      7
 -9.887539E-01  1.296191E-01  3.429370E-04      1      0      2     14      9      7
 -2.270242E+00  3.665447E-01  2.709112E-04      1      0      2     14      9      7
 -8.579780E-01  1.000715E-01  2.446150E-04      1      0      2     14      9      7
 -8.930671E-01  8.543903E-02  2.099532E-03      1      0      2     14      9      7
 -7.833369E-01  1.403281E-02  1.613446E-04      1      0      2     14      9      7
 -8.618478E-01  2.340093E-01  1.143271E-03      1      0      2     14      9      7
 -8.286181E-01  5.489250E-02  4.024997E-04      1      0      2     14      9      7
 -1.270826E+00  1.835407E-01  7.872455E-04      1      0      2     14      9      7
 -1.062567E+00  2.133349E-01  1.367089E-03      1      0      2     14      9      7
 -9.140172E-01  1.949935E-01  1.790543E-03      1      0      2     14      9      7
 -7.978630E-01  1.041772E-01  1.732332E-03      1      0      2     14      9      7
 -6.395397E-01 -2.817104E-02  4.259801E-04      1      0      2     14      9      7
 -1.107279E+00  1.067958E-01  2.587575E-04      1      0      2     14      9      7
 -1.250004E+00  3.563107E-01  1.064540E-03      1      0      2     14      9      7
 -1.051287E+00  1.315608E-01  3.444460E-04      1      0      2     14      9      7
 -8.489631E-01 -1.876462E-02  5.741734E-04      1      0      2     14      9      7
 -6.563319E-01  1.079269E-01  6.577531E-03      1      0      2     14      9      7
 -1.041257E+00  2.040851E-01  3.710011E-04      1      0      2     14      9      7
 -1.511721E+00  2.564388E-01  6.431687E-04      1      0      2     14      9      7
 -1.153061E+00  8.011509E-02  4.527625E-05      1      0      2     14      9      7
 -1.065229E+00  1.139217E-01  3.181182E-04      1      0      2     14      9      7
 -8.219920E-01  7.307937E-03  5.211516E-04      1      0      2     14      9      7
 -7.951558E-01  1.640247E-01  1.279203E-04      1      0      2     14      9      7
 -8.949427E-01  3.105147E-02  3.335044E-04      1      0      2     14      9      7
 -1.224805E+00  3.105871E-01  1.604860E-03      1      0      2     14      9      7
 -9.250229E-01  1.109444E-02  2.115316E-03      1      0      2     14      9      7
 -1.041772E+00  1.273709E-01  2.314132E-04      1      0      2     14      9      7
 -1.415835E+00  1.958613E-01  3.508227E-04      1      0      2     14      9      7
 -8.286909E-01  1.135713E-01  1.482502E-03      1      0      2     14      9      7
 -1.598515E+00  3.648898E-01  7.334535E-04      1      0      2     14      9      7
 -9.850928E-01  2.363897E-01  4.322432E-04      1      0      2     14      9      7
 -7.990031E-01  7.373914E-02  2.328274E-03      1      0      2     14      9      7
 -6.135417E-01  8.384422E-02  2.282501E-03      1      0      2     14      9      7
 -6.240305E-01  6.386008E-02  5.621460E-03      1      0      2     14      9      7
 -1.265947E+00  2.142972E-01  7.609809E-05      1      0      2     14      9      7
 -1.209682E+00  1.553211E-01  3.778576E-04      1      0      2     14      9      7
 -8.649704E-01  6.083097E-02  1.172692E-03      1      0      2     14      9      7
 -8.467622E-01  6.729768E-02  2.221258E-04      1      0      2     14      9      7
 -5.894795E-01  5.060924E-02  3.279169E-03      1      0      2     14      9      7
 -8.356417E-01  1.789447E-01  3.382712E-04      1      0      2     14      9      7
 -1.410650E+00  2.436526E-01  1.216193E-03      1      0      2     14      9      7
 -6.636915E-01  5.216618E-02  1.143839E-03      1      0      2     14      9      7
 -7.854102E-01  4.420077E-02  4.094321E-04      1      0      2     14      9      7
 -1.055551E+00  1.944047E-01  4.734017E-03      1      0      2     14      9      7
 -6.504026E-01  1.075223E-01  8.725426E-04      1      0      2     14      9      7
 -5.175213E-01  5.531927E-02  2.898016E-04      1      0      2     14      9      7
 -8.109887E-01  1.254659E-01  2.998844E-04      1      0      2     14      9      7
 -7.510631E-01 -1.089967E-02  1.159749E-03      1      0      2     14      9      7
 -1.217262E+00  3.166341E-02  6.603417E-05      1      0      2     14      9      7
 -1.059222E+00  2.621053E-01  1.136389E-03      1      0      2     14      9      7
 -9.088667E-01  6.263278E-02  1.953940E-04      1      0      2     14      9      7
 -1.098663E+00  1.439390E-01  4.755925E-04      1      0      2     14      9      7
 -9.995409E-01  2.577834E-01  6.943722E-04      1      0      2     14      9      7
 -6.182075E-01 -4.245180E-02  1.028363E-03      1      0      2     14      9      7
 -1.013978E+00  4.294490E-02  2.782666E-04      1      0      2     14      9      7
 -1.197536E+00  2.885552E-01  1.817629E-03      1      0      2     14      9      7
 -1.308416E+00  1.690081E-01  7.567507E-05      1      0      2     14      9      7
 -1.150070E+00  1.944160E-01  2.172707E-03      1      0      2     14      9      7
 -7.884690E-01 -8.436777E-02  3.205615E-04      1      0      2     14      9      7
 -9.763587E-01  1.631274E-01  2.724075E-04      1      0      2     14      9      7
 -1.045924E+00  1.342610E-01  1.152741E-03      1      0      2     14      9      7
 -6.857532E-01  3.175093E-02  2.042962E-03      1      0      2     14      9      7
 -8.772382E-01  3.507256E-02  2.746173E-04      1      0      2     14      9      7
 -9.030223E-01 -2.445679E-02  3.159968E-04      1      0      2     14      9      7
 -7.602346E-01  3.556757E-02  3.771758E-04      1      0      2     14      9      7
 -8.552044E-01  2.758793E-01  9.024691E-04      1      0      2     14      9      7
 -1.356581E+00  2.693883E-01  2.566298E-03      1      0      2     14      9      7
 -1.072310E+00  1.026661E-01  5.959491E-05      1      0      2     14      9      7
 -1.104918E+00  1.913339E-01  1.093519E-04      1      0      2     14      9      7
 -9.643150E-01 -6.330719E-02  2.018212E-05      1      0      2     14      9      7
 -6.328557E-01  3.144705E-02  6.978446E-04      1      0      2     14      9      7
 -1.160738E+00  2.212288E-01  1.515206E-03      1      0      2     14      9      7
 -6.899739E-01  1.394094E-02  1.409579E-03      1      0      2     14      9      7
 -8.889573E-01  1.280565E-02  3.056235E-05      1      0      2     14      9      7
 -7.721760E-01  1.457420E-01  6.408326E-03      1      0      2     14      9      7
 -1.670897E+00  2.648161E-01  6.886267E-05      1      0      2     14      9      7
 -8.424289E-01 -2.855591E-02  1.314559E-03      1      0      2     14      9      7
 -1.475499E+00  3.078703E-01  2.066449E-04      1      0      2     14      9      7
 -9.244563E-01  1.448940E-01  1.455542E-03      1      0      2     14      9      7
 -8.229994E-01  1.270730E-01  1.115428E-03      1      0      2     14      9      7
 -1.173456E+00  1.017234E-01  3.213697E-04      1      0      2     14      9      7
 -7.165768E-01 -8.208037E-03  1.936325E-03      1      0      2     14      9      7
 -7.824649E-01  6.346686E-02  1.261209E-03      1      0      2     14      9      7
 -1.454003E+00  3.601085E-01  6.934251E-04      1      0      2     14      9      7
 -1.154092E+00  2.236356E-01  4.906063E-04      1      0      2     14      9      7
 -1.171104E+00  2.131579E-01  1.069843E-04      1      0      2     14      9      7
 -7.025209E-01 -1.860677E-02  1.973323E-03      1      0      2     14      9      7
 -1.241704E+00  2.069604E-01  7.332641E-04      1      0      2     14      9      7
 -7.559176E-01  1.908203E-01  1.547469E-03      1      0      2     14      9      7
 -2.064536E+00  3.385234E-01  1.620644E-03      1      0      2     14      9      7
 -6.713506E-01  1.047467E-02  4.949627E-04      1      0      2     14      9      7
 -1.287985E+00  1.873345E-01  8.495610E-04      1      0      2     14      9      7
 -8.138332E-01 -1.496445E-02  7.272661E-04      1      0      2     14      9      7
 -1.282752E+00  2.829350E-01  1.598735E-03      1      0      2     14      9      7
 -1.262419E+00  3.309172E-01  3.842912E-04      1      0      2     14      9      7
 -5.683348E-01  1.188524E-01  3.255493E-03      1      0      2     14      9      7
 -1.379510E+00  2.282550E-01  2.947199E-03      1      0      2     14      9      7
 -1.456555E+00  2.866314E-01  3.134966E-05      1      0      2     14      9      7
 -9.261018E-01  1.660626E-01  1.629483E-03      1      0      2     14      9      7
 -1.307444E+00  2.346746E-01  3.082310E-04      1      0      2     14      9      7
 -7.660156E-01  3.054178E-02  9.783589E-04      1      0      2     14      9      7
 -1.089287E+00  1.033563E-01  2.667632E-04      1      0      2     14      9      7
 -6.705089E-01  1.425935E-01  2.289382E-03      1      0      2     14      9      7
 -6.472895E-01 -9.452970E-02  9.620066E-04      1      0      2     14      9      7
 -1.592422E+00  3.437604E-01  3.543962E-04      1      0      2     14      9      7
 -2.021585E+00  3.289106E-01  2.860323E-04      1      0      2     14      9      7
 -1.248225E+00  1.470900E-01  2.067774E-04      1      0      2     14      9      7
 -1.259842E+00  2.448672E-01  6.388123E-04      1      0      2     14      9      7
 -9.273011E-01  1.413870E-01  3.252273E-04      1      0      2     14      9      7
 -1.834668E+00  2.109006E-01  1.950215E-04      1      0      2     14      9      7
 -1.109615E+00  1.687596E-01  1.445441E-03      1      0      2     14      9      7
 -1.687863E+00  2.733888E-01  2.246260E-03      1      0      2     14      9      7
 -7.219514E-01  1.133749E-01  3.559494E-04      1      0      2     14      9      7
 -7.883779E-01  1.056216E-01  7.985469E-04      1      0      2     14      9      7
 -1.237780E+00  2.122067E-01  2.019033E-04      1      0      2     14      9      7
 -1.418420E+00  3.506296E-01  1.198957E-03      1      0      2     14      9      7
 -7.859512E-01  2.535854E-01  4.621761E-04      1      0      2     14      9      7
 -1.312676E+00  2.329021E-01  1.443105E-03      1      0      2     14      9      7
 -1.004747E+00  1.804896E-01  2.564278E-03      1      0      2     14      9      7
 -1.270489E+00  2.538476E-01  6.617939E-04      1      0      2     14      9      7
 -7.878051E-01  1.739625E-01  4.430900E-04      1      0      2     14      9      7
 -2.642549E+00  4.422631E-01  8.092801E-04      1      0      2     14      9      7
 -5.911909E-01  4.467236E-02  4.299450E-04      1      0      2     14      9      7
 -9.272220E-01  8.013169E-02  4.524531E-04      1      0      2     14      9      7
 -8.912758E-01  1.473582E-01  1.985192E-03      1      0      2     14      9      7
 -6.106581E-01  5.738232E-02  7.970317E-04      1      0      2     14      9      7
 -9.125075E-01  2.120811E-01  5.829367E-04      1      0      2     14      9      7
 -6.556950E-01 -5.704831E-02  3.211550E-03      1      0      2     14      9      7
 -1.028991E+00  3.982819E-02  2.713342E-05      1      0      2     14      9      7
 -7.052654E-01  8.508228E-02  4.465246E-04      1      0      2     14      9      7
 -7.075688E-01  7.688629E-02  2.958374E-04      1      0      2     14      9      7
 -1.458404E+00  2.691489E-01  2.485547E-03      1      0      2     14      9      7
 -1.329569E+00  2.767582E-01  2.305293E-04      1      0      2     14      9      7
 -1.368681E+00  2.762563E-01  4.401794E-03      1      0      2     14      9      7
 -9.058774E-01  1.318666E-01  1.484901E-04      1      0      2     14      9      7
 -9.291596E-01  1.186904E-01  4.545366E-04      1      0      2     14      9      7
 -8.203952E-01  6.128078E-03  6.540281E-04      1      0      2     14      9      7
 -3.992187E+00  4.061031E-01  6.018776E-04      1      0      2     14      9      7
 -7.680501E-01  7.503056E-02  2.880401E-03      1      0      2     14      9      7
 -1.101846E+00  2.078939E-01  2.762652E-04      1      0      2     14      9      7
 -8.154414E-01  1.362814E-01  1.113723E-03      1      0      2     14      9      7
 -1.266338E+00  2.855636E-01  2.274230E-03      1      0      2     14      9      7
 -8.761625E-01  2.468472E-02  9.269660E-04      1      0      2     14      9      7
 -7.719343E-01  5.193582E-02  1.547911E-03      1      0      2     14      9      7
 -7.092325E-01 -6.110020E-02  6.752419E-05      1      0      2     14      9      7
 -8.957340E-01  2.573408E-01  2.634233E-03      1      0      2     14      9      7
 -1.352315E+00  2.336285E-01  7.576978E-05      1      0      2     14      9      7
 -8.839806E-01  3.049235E-02  4.973682E-04      1      0      2     14      9      7
 -7.760073E-01  8.393990E-02  1.245488E-03      1      0      2     14      9      7
 -9.070184E-01  1.716840E-01  1.810747E-04      1      0      2     14      9      7
 -8.776920E-01  3.713002E-02  2.424115E-04      1      0      2     14      9      7
 -1.077525E+00  1.550118E-01  9.637113E-05      1      0      2     14      9      7
 -1.147765E+00  1.106795E-01  5.021224E-04      1      0      2     14      9      7
 -7.413301E-01 -4.517900E-02  7.050422E-04      1      0      2     14      9      7
 -6.738968E-01 -1.699878E-02  2.654752E-04      1      0      2     14      9      7
 -1.254688E+00 -1.326983E-01  4.257023E-06      1      1      2     14      7      1
 -1.135994E+00 -3.755433E-03  2.074340E-05      1      1      2     14      7      1
 -1.231184E+00 -2.044747E-02  2.164815E-05      1      1      2     14      7      1
 -1.200400E+00  1.234464E-01  9.896603E-06      1      1      2     14      7      1
 -1.351969E+00  5.388292E-02  5.059674E-05      1      1      2     14      7      1
 -1.367996E+00  6.110198E-02  1.360080E-06      1      1      2     14      7      1
 -1.125758E+00  5.757743E-02  4.690074E-06      1      1      2     14      7      1
 -1.179816E+00  1.693552E-01  3.779524E-06      1      1      2     14      7      1
 -1.454759E+00  2.128977E-01  4.485260E-05      1      1      2     14      7      1
 -1.213358E+00  8.145011E-02  3.070125E-05      1      1      2     14      7      1
 -1.225316E+00  5.572263E-02  5.556808E-05      1      1      2     14      7      1
 -1.278379E+00  1.839616E-01  6.021175E-06      1      1      2     14      7      1
 -1.396407E+00  2.912904E-01  1.947247E-05      1      1      2     14      7      1
 -1.257701E+00  1.713502E-01  2.705829E-06      1      1      2     14      7      1
 -1.427988E+00  3.063373E-01  2.937160E-06      1      1      2     14      7      1
 -1.575364E+00  1.616867E-01  3.899861E-05      1      1      2     14      7      1
 -1.400717E+00  7.297284E-02  5.063714E-05      1      1      2     14      7      1
 -1.393763E+00  3.550449E-01  4.382853E-05      1      1      2     14      7      1
 -1.327507E+00  2.133023E-01  2.717888E-05      1      1      2     14      7      1
 -1.424112E+00  1.195059E-01  1.028173E-05      1      1      2     14      7      1
 -1.521524E+00  2.878019E-01  1.241953E-04      1      1      2     14      7      1
 -1.293504E+00  1.226287E-01  5.241064E-05      1      1      2     14      7      1
 -1.163327E+00  1.478396E-02  1.022239E-04      1      1      2     14      7      1
 -1.280931E+00  1.150064E-01  4.244838E-06      1      1      2     14      7      1
 -1.175035E+00  1.673766E-01  1.119153E-04      1      1      2     14      7      1
 -1.323160E+00  1.600562E-01  1.295492E-05      1      1      2     14      7      1
 -1.378406E+00  1.977772E-01  2.250869E-05      1      1      2     14      7      1
 -1.246866E+00  6.813608E-02  5.939477E-05      1      1      2     14      7      1
 -1.368029E+00  1.716536E-01  7.448812E-05      1      1      2     14      7      1
 -2.338411E+00  4.097298E-01  1.836191E-06      1      1      2     14      7      1
 -1.250931E+00  9.883459E-02  8.121844E-05      1      1      2     14      7      1
 -1.427448E+00  2.426507E-01  7.487325E-05      1      1      2     14      7      1
 -1.156882E+00  3.057615E-02  1.264240E-04      1      1      2     14      7      1
 -1.270378E+00  4.972023E-02  6.557328E-05      1      1      2     14      7      1
 -1.194395E+00  3.052229E-02  3.104913E-05      1      1      2     14      7      1
 -1.512420E+00  2.833418E-01  1.777663E-06      1      1      2     14      7      1
 -1.176866E+00 -1.429233E-01  1.506809E-06      1      1      2     14      7      1
 -1.104789E+00 -2.337447E-02  3.031675E-06      1      1      2     14      7      1
 -1.398257E+00  2.135185E-01  1.162401E-05      1      1      2     14      7      1
 -1.333944E+00  2.231020E-01  3.784196E-05      1      1      2     14      7      1
 -1.476799E+00  2.050641E-01  8.430579E-06      1      1      2     14      7      1
 -1.307381E+00  1.356592E-01  1.315948E-05      1      1      2     14      7      1
 -1.339248E+00  6.316327E-02  2.210210E-05      1      1      2     14      7      1
 -1.325635E+00  1.247889E-01  4.569484E-05      1      1      2     14      7      1
 -1.594421E+00  2.392730E-01  1.183867E-05      1      1      2     14      7      1
 -1.188972E+00  1.415980E-02  7.931804E-05      1      1      2     14      7      1
 -1.220753E+00  6.331387E-02  6.069159E-05      1      1      2     14      7      1
 -1.283185E+00  5.207484E-02  4.131318E-05      1      1      2     14      7      1
 -1.335311E+00  1.031236E-01  1.027163E-05      1      1      2     14      7      1
 -1.396498E+00  2.077619E-01  4.581227E-05      1      1      2     14      7      1
 -1.235990E+00  1.553688E-01  1.201798E-05      1      1      2     14      7      1
 -1.084033E+00 -6.131145E-02  4.271607E-05      1      1      2     14      7      1
 -1.459293E+00  2.812414E-01  3.996460E-06      1      1      2     14      7      1
 -1.294575E+00  1.516802E-01  6.308824E-05      1      1      2     14      7      1
 -1.324333E+00  2.514571E-01  3.288766E-05      1      1      2     14      7      1
 -1.197564E+00  1.248931E-01  3.622125E-05      1      1      2     14      7      1
 -1.498178E+00  2.624063E-01  2.145621E-05      1      1      2     14      7      1
 -1.182912E+00  1.331245E-01  6.523866E-06      1      1      2     14      7      1
 -1.317751E+00  2.569148E-01  9.205892E-05      1      1      2     14      7      1
 -1.302308E+00  1.174324E-01  2.577599E-06      1      1      2     14      7      1
